0.077522 -0.011479 0.162331 0.090577 -0.021152 -0.164082 0.048140 0.279702 -0.065325 -0.103293 0.067618 0.083749 0.420059 -0.034333 0.050075 0.107358 -0.181034 0.144026 0.117536 0.072717 -0.177442 -0.059011 0.078694 0.155609 0.109091 -0.153405 -0.069239 0.140818 -0.016895 0.023123 0.082092 -0.044240 0.003401 0.064555 -0.094297 -0.035549 -0.118323 -0.008666 -0.008217 -0.091800 0.129328 0.093158 0.004348 0.082367 0.016221 -0.035048 -0.147867 0.072288 -0.260404 0.041093 0.157029 -0.083936 0.238909 -0.013499 0.055454 0.030262 0.134733 -0.013340 0.053335 -0.118754 -0.115127 
-0.017558 -0.304725 -0.383452 0.040151 0.183051 0.018368 -0.030547 -0.098028 -0.039787 -0.026936 0.180579 -0.155677 -0.067237 0.190340 -0.138143 0.052069 -0.158902 -0.069249 0.023738 0.032790 -0.246876 0.105218 0.129066 -0.018009 0.135895 0.082945 0.066815 -0.048754 -0.022526 -0.117359 -0.038802 -0.142724 0.079800 -0.012624 -0.080067 0.160753 0.083142 0.080531 0.025060 -0.067281 0.014290 0.015476 -0.257021 0.131461 -0.081420 0.034873 -0.130490 0.059457 -0.043561 -0.108054 -0.004629 0.016192 0.263109 0.047456 -0.014924 0.018900 -0.027489 0.199001 0.220636 0.199144 0.137606 
-0.031462 -0.069928 0.123320 0.078132 0.001982 0.008354 -0.028393 0.040654 -0.060121 -0.012459 0.019665 -0.035876 0.116114 -0.032576 -0.031872 -0.037169 -0.057036 0.091221 0.048127 0.021291 -0.118450 0.038957 0.047069 0.057615 0.085630 -0.022843 -0.056185 -0.008149 0.049110 0.013908 0.056403 0.006868 0.019431 -0.034568 -0.020027 0.023107 -0.102667 -0.004389 -0.015582 0.000359 -0.005374 0.011582 -0.010724 -0.006686 0.066001 0.057178 -0.007675 0.031202 -0.075940 -0.025208 -0.060803 -0.002518 -0.042269 0.000520 -0.019062 0.066986 0.019735 -0.059987 0.034059 -0.005152 -0.065909 
-0.242504 -0.161824 0.210637 0.118329 0.021693 0.183097 -0.133752 -0.092905 -0.121534 0.085783 0.000362 -0.081237 -0.048816 -0.023877 -0.153036 -0.157971 -0.089085 0.121950 0.056717 -0.005229 -0.164312 0.143597 0.072638 0.044482 0.134850 0.061941 -0.061816 -0.099355 0.109068 -0.010915 0.084764 0.012896 0.063558 -0.072046 -0.029036 0.076469 -0.070117 0.030245 -0.039926 0.067677 -0.076505 -0.048582 0.010590 -0.067370 0.121058 0.149349 0.052577 0.026740 -0.010348 -0.088183 -0.249134 0.065216 -0.332220 -0.045094 -0.078877 0.185611 0.032545 -0.227737 0.086529 0.063115 -0.109377 
0.008530 0.005228 -0.025565 0.059814 -0.011564 -0.031577 0.051585 0.026665 0.018009 -0.064941 0.010727 -0.091071 0.044667 -0.069976 0.032052 -0.045721 0.071259 0.047905 -0.004045 0.008521 -0.025383 -0.025464 0.021847 -0.034995 0.026789 0.023922 -0.004037 -0.025648 0.043238 0.034159 0.018299 0.041988 0.011545 -0.129102 -0.005767 0.014705 -0.082678 -0.063779 -0.003600 0.007795 -0.027622 0.009977 -0.032504 -0.025585 0.055359 0.031106 0.027326 0.059398 -0.071060 -0.016148 -0.028666 0.018672 0.028692 0.028546 -0.034356 -0.002982 -0.095730 0.022679 -0.031596 0.036740 -0.009173 
-0.109779 -0.046145 -0.085846 -0.007234 -0.063410 -0.001635 0.173486 -0.056048 0.004737 -0.031316 -0.033204 -0.160513 0.055306 -0.122759 0.169587 0.063063 -0.158417 0.068616 -0.034218 -0.029321 0.036468 -0.000922 0.109474 -0.011983 -0.075021 -0.025351 -0.058360 0.026057 0.077416 0.084206 0.013312 -0.118558 -0.064461 -0.318585 0.052729 0.043816 -0.048913 -0.290452 -0.138934 -0.039514 -0.014306 0.107974 0.021640 -0.135709 0.077170 -0.177364 0.066331 0.038433 -0.048202 0.032995 -0.197965 -0.026432 0.036461 0.094470 -0.100010 -0.287711 -0.167979 0.130262 -0.082395 0.150643 -0.036011 
0.124049 0.098996 -0.056520 0.140066 0.006120 -0.109928 -0.009996 0.131599 0.163960 -0.149822 0.032741 -0.085917 -0.024569 -0.100429 -0.023744 -0.137996 0.387214 -0.037082 -0.009405 0.037479 -0.087533 -0.048536 -0.035242 -0.132261 -0.019421 0.107918 0.085489 -0.021824 -0.004147 -0.024887 0.079933 0.255428 0.111865 -0.070747 -0.032298 0.092236 -0.121961 0.181705 0.116895 0.055248 -0.035938 -0.056862 -0.170951 0.007015 0.052138 0.208949 -0.049709 0.091812 -0.110149 0.047424 0.116616 0.073526 0.047061 0.041005 0.020991 0.206594 -0.121854 -0.041978 -0.091242 -0.022810 0.088858 
0.007031 0.026375 -0.071226 0.066354 -0.028686 -0.055748 0.081846 0.037698 0.084318 -0.090533 -0.000268 -0.123268 0.015385 -0.111629 0.073033 -0.037372 0.114184 0.015794 -0.021834 0.004046 -0.025475 -0.024708 0.037188 -0.072092 -0.047291 0.041236 0.013512 0.002153 0.036667 0.029706 0.046609 0.068285 0.023630 -0.194817 0.010263 0.068035 -0.085406 -0.054579 -0.011137 0.007825 -0.025112 0.025638 -0.074595 -0.064434 0.064670 0.015611 0.008353 0.065103 -0.079153 0.040236 -0.040821 0.023506 0.041766 0.067785 -0.039567 -0.040802 -0.144969 0.044233 -0.086849 0.064011 0.026390 
0.052660 0.024316 -0.053366 0.023965 0.020469 -0.007232 0.051257 -0.016818 -0.080309 -0.049412 0.031051 -0.060681 0.050982 0.003500 -0.012973 -0.076541 0.085610 0.090018 -0.009020 0.007616 0.068340 -0.092168 -0.044363 -0.029093 0.165166 0.024715 0.001537 -0.117329 0.054867 0.066379 -0.095440 0.007112 -0.028613 -0.048888 -0.034170 -0.135903 -0.055325 -0.148001 0.028494 0.015174 -0.056654 -0.033366 0.057849 0.058980 0.019855 0.046182 0.113069 0.072499 -0.044576 -0.157356 0.035975 0.027055 0.065104 -0.047903 -0.035839 0.027512 -0.080435 0.048258 0.049760 0.006133 -0.047014 
0.029875 0.001588 -0.033655 0.035094 0.017905 -0.011072 0.029867 -0.023705 -0.068957 -0.041206 0.008301 -0.035293 0.068890 0.011041 -0.026178 -0.081277 0.112285 0.088935 -0.054015 -0.011415 0.052782 -0.098601 -0.079746 -0.078423 0.238309 0.023086 0.010431 -0.147061 0.004906 0.054538 -0.120892 -0.005381 -0.064577 0.005112 -0.024872 -0.167410 -0.036424 -0.127741 -0.001807 0.025280 -0.062808 -0.008498 0.088552 0.047004 -0.009868 0.005271 0.106334 0.046925 -0.039514 -0.136629 -0.005842 0.012709 0.110499 -0.083873 -0.072501 0.041330 -0.069476 0.052674 0.057366 0.007450 -0.043328 
-0.044590 -0.026824 0.010332 0.058304 0.011514 -0.041266 0.000066 0.034443 0.011831 -0.066113 -0.027396 -0.023900 0.007856 -0.088858 0.045059 0.021946 0.003006 -0.028582 -0.039053 -0.036686 -0.076228 0.079794 0.003024 0.019473 -0.090749 0.024273 0.046862 0.051856 -0.039620 -0.043238 0.083315 0.042184 -0.023996 -0.047247 0.002145 0.072689 -0.014670 0.002811 -0.016379 0.080291 0.005067 0.024663 -0.057475 -0.028654 0.034065 -0.015609 -0.035294 -0.024654 -0.033654 0.052753 -0.062570 0.005092 0.019718 0.043323 -0.068439 0.034241 -0.027161 0.035542 -0.108799 0.023559 -0.034281 
0.055333 0.038871 -0.061600 0.000886 0.045385 -0.005092 0.047075 -0.006218 -0.115337 -0.060951 0.041402 -0.047403 -0.002649 -0.012215 0.011018 -0.024217 -0.003348 0.041819 0.034776 0.004271 0.067973 -0.014694 -0.011812 0.087694 -0.015286 0.027602 0.025350 -0.027098 0.073883 0.032912 -0.023805 0.022051 -0.003845 -0.062814 -0.046602 -0.064818 -0.031776 -0.142271 0.070476 0.052992 -0.027238 -0.067016 0.004003 0.086468 0.045874 0.077797 0.089430 0.053002 -0.021843 -0.158174 0.084801 0.040580 -0.007047 0.008560 -0.003843 0.037055 -0.045742 0.054093 -0.007278 -0.009488 -0.075904 
-0.047371 -0.036427 0.015411 0.050784 0.025129 -0.035410 -0.018601 0.015035 -0.019861 -0.055739 -0.037306 0.010400 0.015720 -0.059094 0.022161 0.016091 0.014908 -0.022832 -0.070717 -0.053447 -0.055825 0.064091 -0.044425 0.000749 -0.011772 0.023699 0.060396 0.010044 -0.073802 -0.047422 0.033973 0.021927 -0.063988 0.023945 -0.002396 0.005056 0.014925 -0.009354 -0.022892 0.097910 -0.005309 0.024083 -0.009011 -0.003697 0.001150 -0.038832 -0.014427 -0.044676 -0.016043 0.019515 -0.065881 -0.001524 0.058007 -0.004116 -0.093963 0.058289 -0.006551 0.049359 -0.083345 0.011026 -0.049724 
-0.078744 -0.062328 0.040534 0.075835 0.007035 -0.046618 -0.032846 0.021860 0.028550 -0.052260 -0.062652 0.015567 0.038930 -0.074071 0.021856 0.010633 0.049970 -0.026193 -0.111487 -0.066008 -0.097532 0.063314 -0.055676 -0.063623 0.037255 0.021603 0.059418 -0.002217 -0.117808 -0.058673 0.036308 0.020914 -0.082368 0.039631 0.016437 0.015236 0.014055 0.031370 -0.064836 0.093960 -0.007052 0.063880 -0.004065 -0.046308 -0.014571 -0.080406 -0.041804 -0.062755 -0.026352 0.080727 -0.128306 -0.017682 0.095365 -0.017990 -0.127167 0.056002 -0.011754 0.042804 -0.091261 0.025603 -0.028005 
-0.069708 -0.059501 0.036222 0.095217 -0.021117 -0.050227 -0.009283 0.027040 0.072145 -0.051933 -0.056042 -0.026588 0.072584 -0.081192 0.020310 -0.028682 0.107748 0.012134 -0.111327 -0.045275 -0.102487 0.008955 -0.040791 -0.131579 0.114394 0.020162 0.027379 -0.042347 -0.092876 -0.022574 0.014646 0.025265 -0.064927 -0.012947 0.025756 0.007284 -0.031380 0.024935 -0.084041 0.047047 -0.023538 0.082407 0.000661 -0.079263 -0.004982 -0.076488 -0.030884 -0.023524 -0.058213 0.091977 -0.150327 -0.019283 0.115420 -0.023308 -0.124043 0.027941 -0.058100 0.027881 -0.060561 0.045706 0.004133 
0.056116 0.045664 -0.064678 0.006936 0.035028 -0.010056 0.060658 0.009529 -0.089998 -0.069271 0.048288 -0.073122 -0.009812 -0.036554 0.029670 -0.017825 -0.014509 0.035261 0.059103 0.016495 0.050234 0.000548 0.025641 0.103878 -0.081329 0.028064 0.015814 0.008294 0.098997 0.034257 0.017335 0.038261 0.027196 -0.117646 -0.042712 -0.009198 -0.053726 -0.130726 0.075242 0.040730 -0.018108 -0.066064 -0.035396 0.066300 0.071622 0.095070 0.071061 0.066830 -0.035011 -0.129650 0.086408 0.045481 -0.037803 0.046853 0.015616 0.018755 -0.060502 0.043347 -0.029633 0.000246 -0.064126 
0.005246 0.011630 -0.028654 0.011102 0.050876 -0.019637 0.012731 0.013921 -0.087687 -0.067343 0.009557 -0.012404 -0.031152 -0.049989 0.035623 0.033011 -0.056719 -0.024928 0.014660 -0.025647 0.002656 0.080484 -0.000998 0.126061 -0.146280 0.027670 0.058206 0.058422 0.015466 -0.030608 0.060150 0.034404 -0.013176 -0.035700 -0.032237 0.026805 0.005159 -0.069469 0.052664 0.100114 0.005298 -0.043868 -0.044819 0.057012 0.044512 0.042733 0.018137 -0.008047 -0.005025 -0.064943 0.042239 0.029195 -0.027756 0.046019 -0.024926 0.051945 -0.004001 0.054281 -0.087976 -0.008542 -0.080937 
-0.070080 -0.048205 0.029812 0.047001 0.038471 -0.039411 -0.041347 0.020180 -0.027006 -0.058012 -0.052310 0.041012 -0.007926 -0.069936 0.031507 0.052957 -0.027429 -0.062958 -0.079373 -0.073356 -0.078298 0.120982 -0.047387 0.041079 -0.089328 0.024264 0.085694 0.057011 -0.106721 -0.085740 0.073006 0.024392 -0.075422 0.056615 -0.000629 0.041210 0.047406 0.020607 -0.022482 0.134513 0.013187 0.025772 -0.028109 -0.001537 -0.004008 -0.054410 -0.045292 -0.083709 0.003173 0.049864 -0.073755 -0.005448 0.043453 0.010897 -0.103955 0.075487 0.027862 0.055579 -0.125300 0.003279 -0.064480 
-0.030734 -0.041928 0.010839 0.048319 0.026935 -0.023874 -0.022936 -0.019204 -0.050863 -0.036707 -0.039402 0.027633 0.059482 -0.003955 -0.023574 -0.036858 0.088782 0.032172 -0.116041 -0.057901 -0.006141 -0.026356 -0.115023 -0.086437 0.207591 0.021789 0.051203 -0.110516 -0.095184 -0.011039 -0.086107 -0.011885 -0.114656 0.096674 -0.007950 -0.138009 0.021739 -0.055459 -0.040842 0.081173 -0.042986 0.028427 0.087763 0.023956 -0.045627 -0.063402 0.048359 -0.032730 -0.013626 -0.055329 -0.072998 -0.009905 0.139887 -0.096176 -0.127035 0.074284 -0.016415 0.061878 0.002882 0.003692 -0.051995 
0.035649 0.035935 -0.052536 -0.009723 0.064146 -0.009569 0.028839 0.007858 -0.127457 -0.070314 0.033859 -0.022280 -0.047966 -0.036378 0.035199 0.032554 -0.081162 -0.016396 0.051969 -0.011456 0.041259 0.073383 0.010504 0.176253 -0.179614 0.029412 0.054998 0.063412 0.059146 -0.015248 0.053926 0.035509 0.005480 -0.056011 -0.048592 0.014768 0.000352 -0.108547 0.088944 0.097714 0.004426 -0.078395 -0.047728 0.092700 0.059764 0.081490 0.045588 0.013760 0.000570 -0.121123 0.097275 0.043880 -0.058961 0.057183 0.005877 0.050732 -0.005091 0.058630 -0.075825 -0.019621 -0.097073 
0.014231 0.008572 -0.031490 -0.002065 0.067413 -0.009327 -0.000722 -0.011901 -0.133592 -0.055139 0.006845 0.019519 -0.020558 -0.008703 0.006051 0.017755 -0.038998 -0.007139 -0.012367 -0.037906 0.041307 0.047426 -0.054372 0.106802 -0.042641 0.027278 0.068049 -0.000791 -0.007688 -0.023469 -0.009016 0.009880 -0.054036 0.037417 -0.041991 -0.065015 0.032255 -0.100027 0.053492 0.112546 -0.011414 -0.053227 0.016704 0.094976 0.009920 0.027684 0.056518 -0.018156 0.013155 -0.124917 0.053231 0.025669 0.013788 -0.011393 -0.045871 0.076640 0.012809 0.070489 -0.045330 -0.024492 -0.100038 
-0.009632 -0.020299 -0.008638 0.009556 0.066462 -0.010891 -0.028941 -0.028925 -0.130181 -0.040601 -0.021442 0.056839 0.009740 0.014369 -0.021001 0.001386 0.007811 0.002794 -0.077671 -0.063146 0.035112 0.020688 -0.115215 0.030068 0.094725 0.024934 0.078412 -0.063829 -0.074563 -0.030929 -0.067893 -0.013735 -0.110827 0.123449 -0.032729 -0.137659 0.059402 -0.086610 0.013767 0.123403 -0.027103 -0.023347 0.077181 0.089349 -0.037933 -0.027823 0.063210 -0.048343 0.021754 -0.119072 0.002485 0.006440 0.087358 -0.077012 -0.098311 0.098888 0.026349 0.079779 -0.016799 -0.025920 -0.098092 
-0.043512 -0.022866 0.006700 0.015400 0.066291 -0.028020 -0.035063 0.014693 -0.087830 -0.063346 -0.029174 0.049160 -0.046982 -0.057555 0.036562 0.077152 -0.089592 -0.078198 -0.034602 -0.067741 -0.039522 0.149268 -0.034932 0.137290 -0.185631 0.027040 0.098828 0.094494 -0.069673 -0.090612 0.089367 0.026974 -0.058593 0.052851 -0.022192 0.047019 0.063692 -0.013495 0.027782 0.156558 0.024210 -0.020859 -0.043609 0.050054 0.012585 -0.012072 -0.027618 -0.080630 0.024483 -0.008275 -0.003068 0.012002 -0.008415 0.035075 -0.068903 0.086207 0.050324 0.066235 -0.136173 -0.017683 -0.097280 
0.098668 -0.081884 0.113380 0.029511 0.012986 -0.007378 -0.045845 -0.014467 -0.049848 0.002116 0.004650 -0.044481 0.092655 -0.005350 -0.017850 -0.016729 -0.012599 0.038192 0.016317 0.016142 -0.088023 0.064192 0.004996 0.065338 0.053647 -0.047368 -0.086775 -0.023107 0.043046 0.017545 0.029511 0.017001 -0.015258 0.006511 0.054953 0.020766 -0.149852 0.012487 -0.002474 -0.001625 -0.027732 0.009178 -0.033338 0.000988 0.054401 0.055165 0.022319 -0.033375 0.022663 -0.018570 -0.066227 -0.029829 -0.015696 0.048415 -0.001043 0.015450 -0.002299 0.034504 0.008814 -0.020307 -0.012827 
0.318334 -0.157165 0.244284 -0.054102 0.059426 -0.030512 -0.091245 -0.156112 -0.045124 -0.034819 -0.015951 -0.099149 0.090737 0.056800 -0.017632 0.022762 0.047616 0.015539 -0.008811 0.012533 -0.073848 0.084472 -0.046903 0.119214 0.068271 -0.076284 -0.165008 -0.076618 0.046155 -0.024707 0.050437 -0.022955 -0.107816 0.022216 0.145567 0.041736 -0.346814 0.052059 -0.002363 0.037852 -0.031267 0.005426 -0.103014 0.036900 0.079130 0.038817 0.030425 -0.117445 0.096164 0.002099 -0.062379 -0.127513 -0.063563 0.118339 0.018073 -0.024600 -0.066603 0.193936 0.011365 -0.067180 0.049647 
-0.038300 -0.007161 -0.042711 0.082420 -0.030022 0.005321 -0.009498 0.098360 -0.046431 0.056178 0.015101 0.009849 0.074849 -0.052268 -0.006162 -0.043868 -0.042683 0.018600 0.017579 0.015829 -0.078111 0.062800 0.027713 0.011152 0.009928 -0.035634 -0.024584 0.024509 0.034378 0.068292 -0.016980 0.070688 0.059599 0.023767 0.016585 -0.004876 0.032115 -0.017778 0.008559 -0.047836 -0.042777 0.011364 0.025994 -0.032981 0.016637 0.071888 0.038709 0.006468 0.023702 -0.036229 -0.075184 0.057089 0.060907 0.010324 -0.007264 0.016749 0.051467 -0.064869 -0.015554 0.019656 -0.038101 
-0.212568 0.051288 -0.143147 0.148717 -0.066221 0.023754 0.026151 0.209608 -0.050471 0.084057 0.031554 0.052291 0.077242 -0.101200 -0.006878 -0.075083 -0.090796 0.038117 0.038174 0.018809 -0.090216 0.046195 0.069329 -0.030645 -0.000088 -0.012406 0.036866 0.066308 0.032220 0.100693 -0.032047 0.101068 0.132242 0.010068 -0.056133 -0.020936 0.185659 -0.048916 0.007963 -0.078165 -0.039182 0.014349 0.080543 -0.060940 -0.001957 0.084557 0.031294 0.073741 -0.036758 -0.052408 -0.077936 0.133392 0.096737 -0.045402 -0.022691 0.049608 0.101855 -0.191354 -0.016533 0.056350 -0.088292 
0.063639 -0.009240 -0.070029 0.044535 -0.025087 -0.007455 -0.021061 0.061608 -0.036716 0.075735 0.002711 0.008418 0.051489 -0.033082 0.007922 -0.028516 -0.005916 -0.031783 -0.011118 0.011122 -0.049358 0.085519 -0.007775 0.011801 -0.024201 -0.056498 -0.045030 0.016529 0.027863 0.077541 -0.046817 0.086173 0.036921 0.063041 0.080078 -0.010005 0.010666 -0.006024 0.021740 -0.055054 -0.064816 0.009441 0.012446 -0.030006 0.001690 0.072023 0.067829 -0.047417 0.113237 -0.032280 -0.081153 0.042516 0.093986 0.049287 0.008345 -0.029831 0.037792 0.009161 -0.041304 0.010599 0.007069 
0.213941 0.010844 -0.183121 -0.022172 -0.062026 -0.071663 -0.087738 0.060583 -0.080410 0.085511 -0.003044 0.000047 0.094770 -0.071197 0.041122 -0.163710 -0.023740 -0.095285 -0.035325 0.020274 -0.037478 0.217706 -0.025611 0.049130 -0.053810 -0.131829 -0.020512 -0.008402 0.013640 0.208611 -0.050509 0.131920 0.000648 0.112038 0.216484 -0.051375 0.046326 0.055178 -0.000688 -0.099790 -0.083984 -0.046841 0.037397 -0.014973 0.013529 0.143258 0.122365 -0.097661 0.241167 -0.015933 -0.220181 0.061815 0.202356 0.126865 0.080196 -0.081880 0.050038 0.048630 -0.061627 0.000097 0.065557 
-0.049003 0.003995 -0.039718 0.045158 0.014560 0.083793 0.006620 0.080648 -0.010183 0.075925 -0.042887 0.005816 -0.023112 0.014052 0.000708 0.128762 0.055978 0.023583 0.022483 0.040687 -0.020280 -0.023004 -0.002307 -0.023236 -0.025469 0.017639 -0.096715 0.031377 0.066851 -0.018687 -0.035148 0.010083 0.028872 0.070455 0.035808 0.031022 -0.074574 -0.041661 0.065885 -0.046317 -0.089852 0.020746 -0.003489 -0.039488 -0.008362 0.012422 0.024962 -0.069913 0.038922 -0.042712 0.005090 -0.031436 0.055112 0.014652 -0.057963 0.040022 0.029640 0.048395 -0.061544 -0.004820 0.009683 
-0.227917 -0.010407 -0.058194 0.008441 0.063437 0.087907 0.039180 0.121696 0.095808 0.043575 -0.099945 -0.006764 0.083277 0.040843 0.062915 0.215372 0.192633 0.209644 -0.005742 -0.054819 -0.069823 0.033256 0.119433 -0.107484 -0.145850 0.236006 -0.181675 0.076508 -0.003537 -0.018723 -0.097269 -0.133411 -0.089668 0.211302 -0.216249 0.032316 -0.241420 -0.067377 0.065636 -0.051368 -0.130051 0.021326 -0.030074 0.151454 -0.005426 0.155556 0.024701 -0.188100 0.176751 -0.122629 0.019933 -0.045390 0.034820 0.001735 0.004771 -0.131880 -0.016477 -0.082244 -0.092534 -0.034429 0.067395 
0.045843 0.064641 0.016822 0.133212 0.030849 0.147965 0.008768 0.059436 -0.123692 0.125376 -0.024353 -0.019222 -0.179768 0.010526 -0.134260 0.201451 -0.045744 -0.081148 0.037020 0.177799 0.036146 -0.180205 -0.096359 -0.039459 0.093556 -0.095392 -0.058143 0.094171 0.210610 -0.062020 0.044134 0.080857 0.130630 -0.019725 0.241138 0.144954 0.010143 -0.016975 0.090031 -0.070869 -0.080864 0.005264 0.053358 -0.261639 -0.039777 -0.146901 0.045536 0.024278 -0.107969 -0.048158 0.047973 -0.091440 0.065171 -0.031401 -0.189216 0.234445 0.109023 0.268501 -0.128667 -0.041313 -0.000456 
-0.091088 0.027107 -0.020708 0.070811 0.047157 0.117898 0.023981 0.090582 -0.013897 0.084459 -0.062162 -0.013003 -0.048151 0.025677 -0.035642 0.208396 0.073493 0.064333 0.015604 0.061425 -0.016881 -0.073396 0.011606 -0.073512 -0.026215 0.070404 -0.119935 0.085369 0.103484 -0.040326 -0.026607 -0.026326 0.020416 0.095870 0.012320 0.088627 -0.115697 -0.042172 0.077813 -0.061129 -0.105471 0.013288 0.011639 -0.054983 -0.022598 0.004438 0.035143 -0.081969 0.034507 -0.085443 0.033922 -0.068392 0.050003 -0.014829 -0.092160 0.051151 0.046255 0.093044 -0.110619 -0.037887 0.033506 
-0.048252 -0.045632 -0.061034 -0.024130 -0.034135 0.082720 -0.012696 0.072882 0.026912 0.052798 -0.036445 0.054366 -0.029637 0.029875 0.092551 0.070425 0.070945 -0.031076 0.074888 0.013684 -0.000456 0.005209 -0.034298 0.078087 -0.025081 -0.050749 -0.085740 -0.100470 0.006144 -0.056524 -0.046852 0.032233 0.043427 0.009185 0.054450 -0.084479 -0.048864 -0.076169 0.077801 0.002752 -0.072642 0.052405 -0.060750 -0.006276 0.020278 -0.025320 -0.045826 -0.060085 -0.023332 0.062825 0.013366 -0.005253 0.029881 0.060014 -0.031367 0.079420 -0.023903 -0.034057 0.051548 0.069566 -0.052334 
-0.072360 -0.008096 -0.172942 -0.165162 -0.156213 0.076912 -0.026184 0.081472 0.013124 0.122651 -0.060454 0.041914 -0.066198 0.097027 0.181882 0.007662 0.116035 -0.088532 0.182213 0.007882 -0.022855 0.116816 -0.041739 0.214068 0.006527 -0.087415 -0.138184 -0.203939 -0.080292 -0.062072 -0.117668 0.132618 0.068278 0.005767 0.046078 -0.193440 -0.082438 -0.149508 0.143778 0.046174 -0.077535 0.270103 -0.150504 0.003217 0.039532 -0.138250 -0.139986 -0.095007 -0.106920 0.158413 0.044745 -0.027922 -0.038308 0.107063 -0.059193 0.193149 -0.126943 -0.098659 0.150919 0.094482 -0.126137 
-0.053438 -0.205001 0.053479 0.000845 -0.043100 0.099823 0.017358 0.060382 0.062744 0.077154 0.062914 0.072568 0.035628 0.011622 0.059733 -0.001600 0.139023 -0.010851 0.011254 0.068173 0.063342 -0.027053 -0.024603 0.075564 -0.018152 -0.105878 0.062266 0.031558 0.014838 0.031942 0.017435 -0.058631 0.045805 -0.044217 0.124312 -0.062396 0.092159 -0.073957 -0.002670 0.058332 -0.132148 -0.076091 -0.018703 0.135939 -0.004448 0.057607 -0.107502 -0.059437 -0.005028 0.133009 0.058126 -0.012997 0.012444 0.051900 -0.032189 0.026717 -0.116804 -0.004592 0.078758 0.077242 -0.087871 
-0.055950 -0.277314 0.143742 0.064992 -0.013541 0.111500 0.048470 0.056748 0.063750 0.102830 0.122685 0.055576 0.082356 -0.012646 -0.020271 -0.008841 0.170609 0.037411 -0.065410 0.118856 0.092681 -0.069743 0.000999 0.006610 -0.015599 -0.097783 0.151305 0.198537 0.060910 0.110444 0.068348 -0.133960 0.037359 -0.040946 0.157473 0.025990 0.167057 -0.048282 -0.063638 0.061744 -0.179594 -0.186578 0.046431 0.204960 -0.038076 0.137901 -0.099232 -0.063177 0.047869 0.109225 0.079743 -0.032403 0.019967 0.017326 -0.047237 -0.035615 -0.138032 0.066459 0.023263 0.036325 -0.069434 
0.023564 -0.067216 0.026694 0.129962 0.168748 0.072844 -0.067375 0.046211 0.114072 -0.222597 -0.085921 0.191129 -0.036056 -0.080436 0.143357 0.174739 -0.096204 -0.050982 0.014834 -0.113141 0.027366 -0.170574 -0.111690 -0.007632 -0.115787 -0.063179 -0.112157 -0.348708 0.061150 -0.256753 0.024000 -0.053912 0.013631 -0.073749 0.034559 -0.132252 -0.076771 0.021989 0.041221 -0.053963 0.062904 -0.266733 -0.031379 -0.128675 0.077488 0.062915 0.094395 0.056344 0.007638 -0.000687 -0.105188 0.133102 0.164558 0.066917 0.112562 -0.045867 0.225594 -0.120485 0.053942 0.190282 0.023706 
-0.020592 -0.182206 0.086135 0.087571 0.063655 0.093705 -0.005254 0.051992 0.087371 -0.043493 0.027296 0.118348 0.027116 -0.040706 0.060055 0.070598 0.051343 -0.006452 -0.023667 0.012351 0.062901 -0.110936 -0.051504 0.007962 -0.060066 -0.085507 0.030190 -0.057898 0.056167 -0.057847 0.045459 -0.093524 0.027876 -0.057966 0.101944 -0.053312 0.055972 -0.019910 -0.013403 0.012205 -0.068992 -0.214737 0.006220 0.054738 0.016016 0.098839 -0.016677 -0.009701 0.024777 0.065895 -0.002986 0.042911 0.082587 0.042906 0.025327 -0.035209 0.022047 -0.023334 0.044196 0.109545 -0.031582 
0.079894 -0.051208 0.022599 0.093541 -0.009711 -0.024877 0.028618 0.006070 0.005543 0.082822 0.042384 0.020655 0.042910 -0.008702 -0.014627 0.012977 -0.004859 -0.053901 -0.041700 -0.035062 -0.063951 0.039603 -0.026225 -0.002835 -0.018912 -0.050647 -0.048109 0.026880 0.001702 0.007029 -0.084363 0.116113 0.069664 0.031191 0.007661 -0.000529 0.024703 -0.040373 0.021902 -0.011486 -0.037506 0.071381 -0.019219 -0.037632 -0.019733 0.035806 0.067519 -0.014239 0.108734 -0.039716 0.013203 0.074408 0.022062 0.020374 -0.006023 -0.077525 0.015279 -0.005192 -0.021028 0.030372 -0.026593 
0.151181 -0.146053 0.136666 0.211261 0.051139 0.026783 0.105750 -0.070771 0.073952 0.046323 0.137069 -0.056460 0.102409 0.030146 -0.049375 0.078958 0.009418 -0.136875 -0.091265 -0.114598 -0.121743 -0.013114 -0.061207 0.027318 -0.030273 -0.066867 -0.098532 0.049972 -0.039595 -0.049579 -0.144593 0.279427 0.158003 0.052072 -0.050178 -0.023957 0.127252 -0.103483 0.026073 0.033673 -0.051476 0.205047 -0.044365 -0.108731 -0.042411 -0.001080 0.076886 -0.019602 0.163412 -0.104744 0.145786 0.114068 -0.049455 -0.015261 -0.034373 -0.220900 0.002077 -0.081226 -0.024690 0.049537 -0.053866 
0.013331 0.020044 -0.027223 0.002480 -0.065249 -0.097959 -0.016098 0.045470 -0.035647 0.130015 -0.030639 0.118035 -0.031490 -0.031766 0.005373 -0.026128 -0.020062 0.020853 -0.011827 0.015337 -0.011195 0.059985 -0.002474 -0.049292 -0.001599 -0.027378 0.006137 0.009645 0.026015 0.010872 -0.048386 -0.042589 -0.002100 -0.019458 0.011270 0.033956 -0.079003 0.001572 0.017337 -0.025342 0.001486 -0.026655 -0.017805 0.036060 -0.012386 0.046587 0.056693 0.020041 0.043239 0.027291 -0.056029 0.056818 0.041515 0.035958 0.013723 0.043582 0.011012 0.068342 0.000355 0.025582 -0.024479 
-0.042209 0.094734 -0.118700 -0.090103 -0.112716 -0.137063 -0.077448 0.106825 -0.089988 0.157848 -0.105116 0.176947 -0.076979 -0.062640 0.033018 -0.078569 -0.031100 0.085623 0.027544 0.078402 0.033886 0.102384 0.025191 -0.071942 0.006944 -0.015115 0.045092 -0.008545 0.058845 0.057231 -0.000528 -0.169541 -0.071418 -0.034293 0.058652 0.051629 -0.158533 0.051522 0.014119 -0.061828 0.011175 -0.132026 0.002802 0.091117 0.005919 0.076414 0.049492 0.022873 0.001303 0.077665 -0.161835 0.025025 0.099412 0.064535 0.036120 0.155873 0.022062 0.127463 0.002381 0.010046 -0.002157 
0.020267 -0.009653 0.050913 0.036236 -0.057818 -0.122317 0.023699 -0.000262 -0.002164 0.141971 -0.003229 0.140541 -0.047987 -0.012366 -0.012727 0.006906 -0.020886 0.009562 -0.036052 -0.020626 -0.018242 0.020748 -0.016417 -0.068005 0.005224 -0.019347 0.009703 0.017009 0.005148 -0.052602 -0.078208 -0.034044 0.019174 -0.054267 -0.053958 0.046589 -0.078431 -0.024653 0.016950 0.012533 0.030813 0.018009 -0.046346 0.037782 -0.030946 0.015017 0.055144 0.054137 0.031481 0.028403 0.021398 0.083670 -0.021409 0.011572 0.003011 0.014536 -0.009898 0.063947 0.021242 0.042945 -0.054748 
0.001866 0.020505 0.160020 0.033946 -0.044234 -0.322599 0.059509 -0.060885 0.053878 0.308943 0.062052 0.227050 -0.095062 -0.053199 -0.051998 0.034667 0.000380 -0.022337 -0.146793 -0.014109 -0.062102 -0.028493 -0.017481 -0.076448 -0.017369 -0.072325 -0.024973 0.059248 0.006378 -0.156540 -0.153757 -0.084758 0.094748 -0.072474 -0.136422 0.059798 -0.143786 -0.039802 0.024808 0.082731 0.037308 0.047286 -0.101036 0.075944 -0.053513 -0.027163 0.116638 0.062298 -0.044203 -0.007184 0.046396 0.197612 -0.082596 -0.042526 0.038561 -0.002408 -0.036323 0.115374 0.060239 0.162970 -0.115563 
0.016780 -0.064405 0.002586 0.068498 -0.085447 0.036724 -0.009351 0.005525 0.002767 0.012436 -0.051839 0.059517 -0.014617 0.049958 -0.035858 -0.010058 -0.049113 -0.004924 0.072923 -0.026320 -0.007239 0.028785 -0.047611 -0.061070 0.014066 0.065175 0.053910 0.000503 -0.015250 0.019034 -0.023843 0.039668 -0.029447 -0.042846 -0.026268 0.033532 -0.056085 -0.076527 0.040395 -0.005051 0.081424 0.002704 0.000159 0.027240 0.038903 0.036178 0.049086 0.063981 0.079249 0.134260 0.066765 -0.007175 0.009373 -0.024740 -0.044291 -0.026552 0.033285 0.042664 0.012417 -0.015972 -0.010316 
-0.187708 -0.142152 0.005799 0.092674 -0.133193 -0.003892 0.086270 -0.083661 -0.090020 -0.188906 -0.042708 0.098929 -0.046656 0.098210 0.016854 -0.127782 -0.107567 -0.048122 0.167853 0.012455 0.030661 -0.103880 0.026286 -0.056015 0.048833 0.033672 0.207220 -0.035287 -0.193795 0.075952 -0.014367 0.207784 0.144963 -0.017422 -0.013512 -0.014267 -0.297135 -0.139456 0.144696 -0.127125 0.064499 -0.079829 0.004471 -0.016296 -0.060546 0.100872 -0.132492 -0.011645 0.229220 0.181090 0.021046 -0.009000 -0.057873 -0.080230 -0.133437 -0.135807 0.157014 0.197104 -0.003656 -0.107322 -0.009304 
0.162662 -0.019640 -0.040962 0.145817 -0.054444 0.190495 -0.105099 0.093941 0.108466 0.124419 -0.117704 0.031253 -0.022645 0.099011 -0.154420 0.110296 -0.082026 0.061877 0.085872 -0.097397 -0.032195 0.204071 -0.133482 -0.056904 0.024436 0.152106 -0.055306 -0.007493 0.112115 0.040792 0.011181 0.015420 -0.219088 -0.074339 -0.048412 0.057210 0.156554 -0.042556 -0.079978 0.104779 0.115446 0.026111 -0.000770 0.068920 0.224840 0.000240 0.284820 0.176181 0.014367 0.273262 0.196799 -0.135893 0.135609 -0.018024 0.031857 0.008115 -0.124445 -0.077565 0.017624 -0.016826 -0.018166 
-0.012544 -0.080886 -0.017587 0.119298 -0.093812 0.093308 -0.009408 0.005145 0.009238 -0.032226 -0.080223 0.065134 -0.034691 0.098644 -0.068822 -0.008723 -0.094841 0.006904 0.126877 -0.042494 -0.000767 0.050133 -0.053598 -0.056457 0.036659 0.092890 0.075953 -0.021410 -0.040850 0.058388 -0.001589 0.111652 -0.037065 -0.045892 -0.030983 0.021466 -0.070299 -0.090996 0.032327 -0.011163 0.089962 -0.026885 0.001830 0.026320 0.082182 0.050560 0.076221 0.082295 0.121816 0.227250 0.108963 -0.072493 0.038900 -0.049139 -0.050768 -0.063868 0.016229 0.059789 0.006982 -0.062102 -0.013761 
0.092065 -0.075114 0.007797 -0.034320 -0.090688 0.045759 -0.042691 0.012694 -0.009117 0.002247 -0.025108 -0.036717 0.072289 -0.017236 0.028380 -0.030116 0.044407 -0.050695 0.038255 0.010811 -0.013577 -0.019367 -0.063237 -0.066409 -0.037275 0.076279 0.038966 0.042364 0.033099 -0.014063 -0.028591 -0.078533 -0.058599 -0.023412 0.013942 0.052723 0.005059 -0.089761 0.084894 -0.005915 0.109485 0.066364 0.042273 0.019307 -0.005778 0.018876 -0.028366 0.025469 0.013329 -0.007093 0.000219 0.075475 -0.038010 0.003975 -0.074079 0.031932 0.121363 -0.024801 0.018092 0.048014 0.043336 
0.097087 -0.165939 -0.065165 -0.038218 -0.227436 -0.022921 -0.019692 -0.003534 0.005393 -0.057013 0.043254 -0.209527 0.166541 -0.095686 0.106211 0.109215 0.087519 -0.084202 0.124255 -0.018016 0.000621 0.054119 -0.123928 -0.122233 -0.079427 -0.045364 0.001184 -0.096907 -0.093243 -0.002497 -0.083236 -0.298893 0.167995 -0.124308 -0.089754 0.172429 0.090193 0.115386 0.230244 0.038499 0.123625 0.038220 0.267510 0.004702 0.001434 0.040049 0.203527 -0.185230 -0.058943 -0.004688 0.017950 0.076054 -0.093899 0.004113 -0.159091 0.082149 0.116645 0.003166 0.074281 -0.120248 -0.002961 
0.201774 0.013906 0.140098 -0.043120 0.011633 0.078996 0.132328 0.017903 -0.028254 0.133306 -0.138368 -0.028952 0.039875 -0.028766 -0.045259 -0.127934 0.010167 -0.109217 -0.083970 -0.070031 -0.027891 -0.036803 0.015152 -0.025271 -0.055498 0.265192 0.180395 0.246657 0.138135 -0.028123 0.095456 -0.021630 -0.133809 0.046125 0.084157 -0.157279 -0.108564 -0.264642 0.079181 -0.068027 0.103477 0.001176 -0.084214 -0.045669 -0.052743 -0.085878 -0.200563 0.072500 0.077154 -0.079470 -0.055624 0.017595 0.081039 0.084048 -0.072069 0.133501 0.120620 -0.200535 0.174330 0.201226 0.174205 
0.149479 -0.075945 0.037551 -0.040674 -0.107807 0.028077 0.056386 0.007192 -0.011445 0.038225 -0.047631 -0.119176 0.103162 -0.062204 0.030417 -0.009454 0.048815 -0.096724 0.020057 -0.044047 -0.013646 0.008623 -0.054332 -0.073714 -0.067457 0.110041 0.090864 0.075017 0.022539 -0.015321 0.006184 -0.160160 0.016977 -0.039024 -0.002729 0.007440 -0.009265 -0.074779 0.154659 -0.014807 0.113544 0.019681 0.091512 -0.020507 -0.025679 -0.022969 0.001320 -0.056269 0.009158 -0.042116 -0.018870 0.046801 -0.006359 0.044116 -0.115549 0.107853 0.118636 -0.098773 0.124354 0.040619 0.085698 
0.012554 -0.083411 -0.067099 -0.120106 -0.049479 0.102641 -0.343366 0.034744 -0.014764 -0.104883 0.062266 0.089722 0.075822 0.036952 0.087039 -0.106213 0.126052 0.027709 0.052462 0.196017 -0.019764 -0.143223 -0.102779 -0.051934 -0.007177 -0.003432 -0.115910 -0.003525 0.110241 -0.043825 -0.127035 0.023761 -0.292103 0.038357 0.099377 0.193842 0.104734 -0.143836 -0.059036 0.017117 0.126600 0.256076 -0.048841 0.118790 0.003157 0.114385 -0.186452 0.207823 -0.041269 -0.054139 -0.014947 0.235561 -0.170710 -0.075557 0.008132 -0.114410 0.216906 0.107136 -0.262977 0.132358 -0.017128 
0.054098 0.070218 -0.053597 0.110483 -0.053078 0.056878 -0.087764 0.026014 -0.101976 -0.082227 0.229151 0.014127 -0.017660 -0.324992 -0.056393 0.035173 -0.034662 -0.240562 0.054982 -0.076464 -0.114605 -0.070381 0.189826 0.041207 -0.074562 0.099182 0.108326 -0.183913 0.299296 -0.002695 -0.210097 -0.103270 0.037599 0.181163 -0.109115 -0.050480 -0.170588 0.023794 -0.340210 0.052283 -0.131748 0.059787 0.270416 0.048473 0.055715 -0.120122 -0.152582 0.011491 0.141074 0.199889 0.145438 0.051858 -0.070077 0.060290 -0.013547 0.090088 -0.069097 0.073160 0.021022 -0.008954 0.089046 
-0.125751 0.004656 0.116348 -0.064075 -0.104054 -0.156051 -0.105234 0.070332 -0.076404 -0.181369 0.115548 -0.058868 -0.182984 -0.137997 -0.003674 0.112786 -0.106796 0.067234 0.085300 -0.061066 0.158851 0.004608 0.007613 -0.227765 0.099245 -0.030122 -0.237149 0.060458 0.103620 -0.061573 0.277267 0.115240 0.170958 0.158717 0.145945 0.016211 0.034509 -0.088348 0.168487 0.317955 0.124910 0.194084 0.153047 0.200619 -0.116992 0.053076 -0.022190 0.118330 0.190366 -0.020535 -0.082261 -0.049174 0.145518 0.071720 0.057170 -0.032939 -0.160719 -0.046949 0.159715 0.092576 0.118416 
0.055447 -0.026844 0.034250 0.042627 -0.041005 -0.037157 0.049865 0.027322 -0.046925 0.059281 -0.013924 0.128353 -0.035220 0.000899 0.043588 0.020935 -0.022311 0.054614 -0.020855 -0.061101 0.022080 0.037695 0.001211 -0.083031 0.033741 -0.023561 0.016128 -0.015403 0.001889 -0.050530 -0.061998 -0.030103 -0.011613 -0.077426 -0.039083 0.054963 -0.012694 0.019343 -0.017009 -0.024378 0.002825 0.040477 -0.048879 -0.000933 -0.088913 0.017603 -0.022494 0.069014 0.073146 -0.027196 0.023914 0.049090 -0.035552 0.094094 -0.008965 0.047375 -0.038913 0.011759 -0.000349 -0.041039 -0.048872 
0.115882 -0.055210 -0.029943 0.065085 -0.045603 0.081747 0.139568 0.031140 -0.087784 -0.003741 0.026143 0.235841 -0.010090 -0.040812 0.123852 0.060440 -0.083257 0.131173 -0.061504 -0.131078 0.128693 0.072962 -0.030677 -0.100570 0.110803 -0.010007 0.040647 -0.032311 -0.012996 -0.113736 -0.098412 -0.013965 -0.072949 -0.171018 0.009477 0.151617 -0.021500 0.098391 -0.083222 -0.079604 -0.026702 0.126396 -0.071464 -0.016409 -0.260197 0.074664 -0.088618 0.117659 0.137709 -0.102841 0.031980 0.013941 -0.064678 0.242255 -0.042871 0.120138 -0.092021 -0.107927 -0.004849 -0.186559 -0.074763 
0.017227 -0.009481 0.092464 0.022738 -0.021515 -0.098788 -0.029032 0.046488 -0.038935 0.059995 -0.068209 -0.003236 -0.052698 0.059227 0.000987 -0.011679 0.045207 0.006610 0.037917 -0.016625 -0.063845 0.012342 0.052172 -0.076038 -0.028902 -0.042433 -0.006056 -0.023915 0.015904 0.022512 -0.007140 -0.044949 0.031363 0.008416 -0.081189 -0.046911 0.053172 -0.032368 0.028766 0.006494 0.012311 -0.037301 -0.025565 -0.016422 0.054930 -0.044546 -0.013985 0.026812 0.035789 0.010805 0.016958 0.059306 -0.014738 -0.002778 0.019083 -0.006741 -0.003709 0.102328 -0.013647 0.051611 -0.014675 
-0.030695 0.013039 0.142556 0.005191 -0.018633 -0.193699 -0.099143 0.042468 -0.005714 0.111771 -0.098648 -0.085543 -0.072552 0.090833 -0.063036 -0.042653 0.092201 -0.054118 0.068629 0.038853 -0.147534 -0.015484 0.076041 -0.061941 -0.089369 -0.052708 -0.025192 -0.009624 0.027496 0.071110 0.020270 -0.057532 0.079807 0.081404 -0.119170 -0.121679 0.057380 -0.094972 0.081091 0.050473 0.036148 -0.104353 -0.008072 -0.002987 0.189118 -0.088594 0.039982 -0.011235 -0.015566 0.071242 0.010647 0.087731 0.008248 -0.120119 0.045665 -0.064067 0.038329 0.196550 -0.009337 0.166975 0.005035 
0.044641 -0.023031 0.084179 0.026201 -0.003990 -0.028806 -0.014557 0.073742 -0.078578 -0.014885 -0.084266 -0.029706 -0.043172 0.078088 0.047047 -0.002782 0.051827 0.041827 0.058582 -0.048107 -0.037360 0.024734 0.074125 -0.088840 -0.010391 -0.048465 -0.002831 -0.054297 0.014592 0.032951 0.013984 -0.043116 0.008489 -0.002520 -0.072637 -0.051257 0.120486 0.001457 0.003344 -0.023350 -0.011951 -0.026047 -0.025130 -0.053335 0.019236 -0.049485 -0.083373 0.035354 0.069184 -0.035146 0.018423 0.029155 -0.025121 0.060681 0.011513 0.016688 -0.025888 0.065629 -0.034780 -0.013669 -0.005340 
0.059223 -0.076676 0.182648 0.013165 0.048547 0.001310 0.063993 0.131463 -0.244053 -0.025213 -0.151158 -0.143942 -0.055248 0.159983 0.200117 0.038109 0.115560 0.096766 0.102574 -0.102536 -0.008097 0.093984 0.122893 -0.180311 0.001493 -0.048131 -0.042329 -0.118725 0.010210 0.066359 0.018918 0.022925 -0.025503 -0.043611 -0.134604 -0.064707 0.256550 0.064038 -0.047029 -0.047882 -0.094400 -0.061431 -0.001552 -0.065364 0.019971 -0.115413 -0.198348 0.115877 0.118509 -0.024253 0.041075 0.088979 -0.025649 0.152563 0.065350 0.070843 0.037870 0.112643 -0.048419 -0.070236 0.048232 
0.047354 0.045491 -0.001665 0.062866 -0.013598 0.024977 -0.018250 0.062375 0.090558 -0.083576 -0.027713 0.055234 0.000461 0.030765 -0.059403 -0.058869 -0.000186 0.003578 0.065981 -0.000030 -0.046615 0.008898 0.037705 -0.028635 0.047642 -0.034179 0.021071 -0.009451 0.030243 -0.014030 0.008535 -0.111583 0.059193 0.011054 -0.007546 -0.054315 0.062948 -0.055972 0.017262 -0.018325 0.094528 0.006857 -0.044138 -0.026983 -0.021536 -0.029047 -0.021375 -0.081859 0.079313 -0.071868 -0.031670 -0.041343 -0.062484 0.039991 0.030212 0.026549 -0.088247 0.037344 -0.085170 0.011325 -0.054619 
0.090321 0.077739 -0.051980 0.077219 -0.091321 0.127917 0.136039 0.112287 0.074580 -0.117075 0.089384 0.088445 0.058270 -0.017480 -0.129793 -0.114952 -0.163339 -0.112824 0.088701 0.073514 0.068258 0.018816 -0.077862 -0.181361 0.027986 0.025129 -0.125038 0.063753 0.158329 0.019262 0.034589 -0.133813 -0.100481 -0.002765 -0.160496 -0.278962 0.041684 0.207851 0.113902 0.073599 0.096026 0.045543 -0.151720 -0.138589 -0.033110 0.139301 -0.136390 -0.236164 0.045514 -0.038062 -0.088919 -0.091867 -0.118317 -0.053638 -0.015800 -0.034866 -0.131390 0.154261 -0.069960 0.163755 -0.212212 
-0.025109 0.101958 0.095548 -0.028002 0.003668 -0.021400 -0.045211 0.121009 0.264580 -0.182389 -0.026990 0.060227 -0.068724 0.185275 -0.049028 0.021160 0.086960 0.021358 0.034951 -0.057247 -0.167766 0.141993 0.006408 0.166841 0.080039 -0.078972 0.222036 -0.050985 0.009571 -0.024962 -0.137606 -0.227605 0.257447 0.018485 0.225731 0.137166 -0.013302 -0.265240 -0.065168 -0.032792 0.135730 0.013910 0.038706 -0.017703 0.027216 -0.071980 0.015740 0.084914 0.142737 -0.182684 -0.063098 0.000241 0.033799 -0.060334 0.079059 0.071817 -0.128855 -0.076090 -0.135334 -0.126789 0.049544 
0.032642 0.089862 0.021755 0.024616 -0.043889 0.053334 0.045540 0.116689 0.169536 -0.149746 0.031283 0.074349 -0.005186 0.083862 -0.089451 -0.046935 -0.038316 -0.045821 0.061844 0.008187 -0.049657 0.080412 -0.035814 -0.007398 0.053986 -0.026875 0.048372 0.006437 0.084052 -0.002815 -0.051483 -0.180713 0.078341 0.007847 0.032478 -0.071084 0.014185 -0.028467 0.024445 0.020477 0.115861 0.029752 -0.056593 -0.078241 -0.002951 0.033794 -0.060429 -0.075735 0.094095 -0.110338 -0.076046 -0.045843 -0.042300 -0.057057 0.031588 0.018423 -0.130146 0.039187 -0.102625 0.018606 -0.081456 
0.097872 -0.012713 -0.181159 0.229714 0.071050 0.000373 -0.225675 -0.124668 0.043951 0.044039 -0.146738 0.097680 0.071879 -0.196654 -0.093292 -0.165514 0.057469 0.114220 0.088315 0.032597 -0.047549 -0.238734 0.227612 -0.024048 0.097867 -0.039818 -0.037832 -0.005258 -0.121909 -0.106823 0.193747 0.025819 0.058862 0.037737 -0.057019 -0.005664 0.148599 -0.212279 0.011763 -0.135661 0.155918 -0.026040 -0.028048 0.168202 -0.130555 -0.204012 0.178168 -0.244822 0.044241 0.006515 0.048831 -0.112993 -0.172702 0.324300 0.048317 0.064171 -0.030504 -0.002328 -0.090629 0.019282 -0.029680 
0.078414 -0.184378 0.007218 -0.032708 -0.127627 -0.015085 -0.150997 -0.034619 0.256273 -0.076391 -0.054321 0.027684 -0.042528 0.146902 0.162174 -0.019660 -0.178105 -0.130684 -0.002512 0.057099 0.318149 -0.039740 0.138667 -0.058734 0.157489 -0.191923 0.119781 0.218777 0.052451 0.045608 -0.068390 0.063818 0.078558 0.025149 -0.347846 -0.009363 -0.106397 0.015486 -0.112587 0.137842 -0.221368 0.069663 -0.054860 0.042464 0.234248 -0.040022 0.108861 0.005124 -0.012508 -0.148127 -0.064961 -0.099762 0.073685 0.099080 -0.060454 0.178665 0.156762 -0.104586 -0.165817 0.079068 0.153122 
0.051007 -0.033118 0.028888 0.011041 -0.046361 -0.049266 -0.100613 0.036297 -0.065836 -0.011206 -0.067497 0.011389 -0.060180 0.035134 -0.004274 0.007222 0.024992 0.042863 0.014100 -0.055629 -0.039738 -0.039119 0.067805 -0.039519 -0.064204 -0.069259 0.029626 -0.044159 0.003648 0.045556 0.034723 -0.061783 -0.019928 0.027529 -0.045285 -0.034826 0.065711 0.009761 0.030381 -0.026601 -0.032171 0.000394 -0.037380 -0.101622 0.021358 0.013147 -0.063265 0.052393 0.028128 -0.061215 0.039117 -0.012454 0.001624 0.024494 -0.086567 -0.040896 -0.072480 -0.007307 0.011117 -0.030703 -0.018502 
0.088456 -0.043753 -0.021551 0.003901 -0.102971 -0.077688 -0.258231 -0.072112 -0.088501 0.011480 -0.159252 0.063017 -0.124173 -0.023174 -0.101271 0.031016 0.053158 0.036499 -0.001782 -0.092946 -0.057584 -0.118974 0.117791 -0.026987 -0.169053 -0.138376 0.070544 -0.049663 0.017249 0.078257 0.085729 -0.154724 0.006545 0.045250 -0.030541 -0.096539 0.040985 0.045071 0.040460 -0.023284 -0.055954 0.080282 -0.095862 -0.165623 0.058607 0.128314 -0.118976 0.135250 -0.016130 -0.137162 0.069043 -0.058288 0.096836 0.013616 -0.277199 -0.173610 -0.115566 -0.102766 0.053730 -0.145140 -0.103549 
0.014190 -0.029708 0.038723 0.006195 -0.018572 -0.034622 0.003917 0.126695 -0.029433 -0.033659 0.050247 -0.011866 -0.002483 0.064340 0.061447 -0.011099 -0.029606 0.050921 -0.005837 -0.019945 -0.021636 -0.003394 0.006055 -0.011686 0.008251 -0.009005 0.011099 -0.029326 -0.021004 0.019404 -0.005153 0.027149 -0.073963 0.033113 -0.038639 0.048750 0.046989 -0.022994 0.042018 -0.033108 -0.022556 -0.067201 0.018149 -0.070532 -0.018843 -0.063440 0.016671 -0.026550 0.043107 0.002252 0.022976 0.003830 -0.082993 0.005969 0.044964 0.059774 -0.063534 0.038285 0.002112 0.083859 0.066210 
-0.014902 -0.021122 0.079735 0.012288 0.026687 -0.011931 0.128680 0.211655 -0.012476 -0.051275 0.120257 -0.053237 0.047468 0.110928 0.138161 -0.029816 -0.050248 0.055782 0.008137 0.009090 -0.007798 0.060609 -0.032196 -0.023269 0.091111 0.045042 -0.021686 -0.025485 -0.031052 -0.006274 -0.045249 0.099461 -0.093239 0.018288 -0.051066 0.095636 0.068177 -0.050514 0.033197 -0.035535 -0.003448 -0.129764 0.063669 -0.019350 -0.047615 -0.154591 0.058791 -0.091031 0.078802 0.061765 -0.000882 0.040759 -0.157369 0.015764 0.195624 0.164241 -0.028525 0.114661 -0.032504 0.172662 0.132226 
0.015646 -0.038453 -0.010250 -0.008116 -0.053728 -0.051454 -0.061849 0.103342 -0.013615 -0.032955 0.079247 0.022665 -0.011141 0.028821 0.022622 -0.004177 -0.060333 0.052804 -0.048499 -0.022582 -0.021671 -0.057094 -0.006912 0.036289 -0.032043 -0.020795 0.038352 -0.018397 -0.033816 0.027768 0.008975 0.020648 -0.106057 0.061009 -0.013064 0.073441 -0.004863 -0.019305 0.067893 -0.036817 -0.039761 -0.051152 0.013550 -0.110665 -0.021630 -0.015635 0.044268 -0.020354 0.007642 -0.013944 0.039845 -0.031982 -0.068663 -0.029008 -0.028539 0.019367 -0.104724 -0.022494 0.042666 0.081842 0.064205 
-0.032437 -0.096647 -0.056863 -0.003055 -0.163480 -0.144311 -0.201702 0.111325 0.001086 -0.025944 0.177644 0.001105 0.023482 0.027879 0.042437 0.053780 -0.156796 0.033121 -0.157785 -0.084967 -0.023301 -0.205314 0.008673 0.068483 -0.095001 -0.021936 0.057578 -0.028073 -0.048752 0.107641 -0.026742 0.049730 -0.242886 0.116965 0.043215 0.142172 -0.031458 -0.045373 0.147579 -0.076443 -0.015237 -0.123698 -0.045770 -0.230020 -0.022004 0.016168 0.067067 -0.033307 0.027745 -0.049956 0.079533 -0.105363 -0.096570 -0.096860 -0.033039 0.100631 -0.238186 -0.093693 0.091815 0.088952 0.049975 
0.085639 0.032054 -0.018190 -0.036069 0.040446 0.037919 0.032239 0.055847 0.020176 -0.017040 0.017623 0.047201 -0.053333 -0.011531 -0.000644 -0.009778 0.020966 0.116422 0.034075 -0.006790 -0.015260 0.036857 -0.003318 0.023762 -0.006371 -0.098828 0.092998 -0.018650 -0.001795 -0.030253 0.084663 0.032162 -0.033977 0.040712 -0.063943 0.060678 -0.017209 -0.011446 -0.006641 -0.019829 -0.038985 0.047995 0.067449 -0.033270 -0.011558 0.024008 0.025496 -0.046766 -0.011248 0.008366 0.001397 0.017204 -0.030395 -0.054902 -0.071697 -0.047304 -0.000559 0.020189 0.069496 0.092982 0.043310 
0.160926 0.104106 0.022077 -0.073384 0.060354 0.031809 0.186828 0.094735 0.152153 -0.043331 0.165087 0.076598 -0.288233 -0.052471 -0.039114 0.078125 0.157001 0.036427 0.016723 0.091711 -0.124697 0.034951 0.079686 0.200092 0.092548 -0.156424 -0.032677 -0.109181 -0.068450 0.161005 0.264825 -0.016849 -0.171178 -0.066201 -0.226069 0.053923 0.019307 -0.035374 -0.019067 -0.072389 -0.013950 0.087263 0.097430 0.074817 -0.104132 0.057245 0.073726 0.024766 0.143698 0.050884 -0.075542 -0.000126 0.000910 -0.049074 -0.275707 -0.014859 0.195118 -0.015941 0.053145 0.115657 0.006844 
0.069031 0.029922 -0.055495 -0.008263 0.088901 0.178232 -0.058277 -0.010015 -0.086152 0.018135 -0.130015 0.102415 0.119118 0.026507 0.089762 -0.109017 0.007941 0.257978 0.096740 -0.084975 0.046683 0.132408 -0.116353 -0.141517 -0.141236 -0.147416 0.306874 0.071171 0.093372 -0.241269 0.037785 0.123568 0.153242 0.150821 -0.018069 0.062349 -0.082547 0.027084 -0.080247 0.007328 -0.024481 0.124474 0.144116 -0.095776 0.053729 0.039076 0.016267 -0.110423 -0.202384 -0.064076 0.023817 0.000578 -0.049682 -0.079433 0.082498 -0.140089 -0.129770 0.147486 0.176826 0.134744 0.094580 
0.115018 0.067048 -0.016697 -0.040848 0.074651 0.105002 0.064358 0.042366 0.033062 -0.012605 0.017569 0.089493 -0.084650 -0.013018 0.025273 -0.015406 0.082514 0.147172 0.056744 0.003409 -0.039029 0.083682 -0.018283 0.029351 -0.024274 -0.151935 0.137033 -0.019043 0.012436 -0.040070 0.151359 0.053326 -0.009013 0.042253 -0.122111 0.058129 -0.031598 -0.004158 -0.049661 -0.032534 -0.019222 0.105882 0.120764 -0.010416 -0.025224 0.048172 0.044990 -0.042815 -0.029271 -0.006554 -0.025890 0.000258 -0.024359 -0.064256 -0.096690 -0.077466 0.032778 0.065737 0.114951 0.125187 0.050680 
0.077513 0.009457 -0.030161 -0.051385 0.043738 -0.051378 0.040991 0.044114 0.019705 -0.012884 -0.044168 -0.041060 -0.012077 -0.048096 -0.093204 -0.000392 -0.061690 0.098255 0.056517 -0.018166 0.054655 0.006237 0.040232 -0.003772 0.067199 -0.035436 0.030361 -0.017838 -0.007606 -0.062367 -0.017382 -0.012764 -0.028185 0.016223 0.040256 0.054664 0.008797 -0.023006 0.033328 0.031164 -0.090967 -0.006941 -0.020738 -0.016543 0.035059 -0.000680 -0.045416 -0.083861 0.017862 0.070605 0.035628 0.111864 -0.008068 -0.055948 -0.048302 -0.033768 0.015061 -0.058520 -0.024895 0.018194 0.002649 
0.083857 -0.053857 -0.168581 -0.004776 0.095429 -0.202959 0.123716 0.046419 -0.112636 -0.154628 -0.222060 -0.057462 0.005852 0.111155 -0.297746 0.174657 -0.029578 0.073789 -0.107817 0.101036 0.158158 -0.001813 -0.048746 -0.002545 0.116213 -0.106477 0.026969 0.012913 0.123222 0.007157 -0.049706 0.037553 -0.015105 0.061195 0.025030 0.115189 -0.048884 0.026278 0.035128 -0.060800 0.028684 -0.030423 0.067765 0.082185 0.177154 -0.093405 -0.158594 -0.171215 0.037161 0.165745 -0.019247 0.302425 -0.091338 0.043435 -0.090039 -0.048121 -0.091456 -0.256011 -0.042371 0.069009 -0.093263 
0.078135 0.123671 0.069729 -0.112005 0.076342 -0.007419 -0.037843 0.037599 0.186456 0.128722 0.075667 -0.096074 0.039004 -0.256211 0.016446 -0.180480 -0.177290 0.125439 0.245166 -0.174217 0.021577 0.022064 0.141294 -0.039975 0.130856 0.022428 0.007824 -0.049874 -0.093719 -0.193277 -0.086085 -0.096782 -0.068192 -0.043990 0.121516 0.058627 0.103401 -0.095035 0.171923 0.157403 -0.325823 -0.056302 -0.160283 -0.077877 -0.017651 0.036648 -0.055108 -0.023351 0.051356 0.067774 0.106891 -0.010063 0.055285 -0.154157 -0.051362 -0.061206 0.143525 0.050703 -0.054027 -0.090413 0.057855 
0.080995 0.034828 -0.049513 -0.058351 0.085881 -0.105266 0.042999 0.042011 0.036791 -0.013060 -0.073314 -0.076761 0.022414 -0.072389 -0.140775 -0.002774 -0.103383 0.099590 0.068541 -0.036483 0.089924 0.010109 0.046209 -0.021246 0.123528 -0.042059 0.017395 -0.018456 0.014826 -0.092981 -0.067888 -0.029568 -0.041623 0.008640 0.073248 0.086919 0.027201 -0.034331 0.103462 0.048224 -0.148429 -0.043353 -0.046183 0.002213 0.079822 -0.028425 -0.106888 -0.097343 0.044252 0.116797 0.043779 0.146309 -0.018075 -0.055286 -0.070704 -0.054650 0.025945 -0.102774 -0.048207 -0.010649 -0.017764 
0.059812 -0.083033 0.010777 -0.047506 -0.068695 0.006957 0.044395 0.038142 -0.027967 -0.008495 -0.026314 -0.031424 -0.065491 -0.017684 -0.055597 0.015881 -0.029877 0.076336 0.045662 0.020996 0.027981 -0.035103 0.067284 0.016662 -0.013795 0.046164 0.003218 -0.015270 -0.074843 -0.010285 0.019101 -0.011510 0.014575 0.012606 0.053977 -0.039900 -0.015826 -0.003376 -0.119364 0.035213 0.015082 0.038034 -0.039023 -0.051148 -0.040990 0.050662 0.052257 -0.084145 -0.025456 0.006201 0.047430 0.112410 0.041655 -0.058633 0.036633 0.037162 0.000604 -0.016135 -0.055450 0.022608 0.017827 
0.023042 0.043421 0.115303 0.023484 -0.130283 0.039335 0.054478 0.068636 -0.099891 -0.037757 -0.171985 -0.045840 0.006388 -0.034838 -0.137356 0.192114 -0.077431 -0.018323 0.133533 0.201351 0.008929 -0.202129 0.026967 0.026443 -0.047566 0.133557 0.196052 -0.103764 -0.303236 0.115520 0.065629 -0.076543 -0.028127 -0.043797 0.105879 0.000371 0.010810 0.038504 -0.192563 0.113208 -0.150776 0.276535 -0.131084 -0.040467 -0.015724 0.137197 0.148694 -0.094880 0.058944 -0.085824 0.019894 0.140537 0.028888 0.019090 0.251293 0.073283 0.002277 0.031345 0.069055 0.131039 0.019134 
0.096962 -0.296547 -0.061822 -0.096037 -0.146205 0.029525 0.092008 0.008243 0.020672 0.044280 0.111717 -0.097159 -0.265364 -0.014357 0.045025 -0.149494 -0.003281 0.204447 -0.011593 -0.156251 0.023863 0.069392 0.080351 0.029593 -0.012849 0.007995 -0.189754 0.075065 0.018639 -0.078762 0.011564 0.007746 0.077631 0.147069 0.061314 -0.159435 -0.092844 -0.015700 -0.220425 -0.046151 0.260868 -0.149684 0.032690 -0.091295 -0.105542 0.048155 0.024810 -0.087662 -0.170744 0.032451 0.147229 0.139176 0.095341 -0.096049 -0.077092 0.057837 0.004475 -0.041815 -0.253660 -0.023442 0.003292 
0.060021 -0.126618 0.026695 -0.036303 -0.138226 0.034417 0.073249 0.038428 -0.039576 0.003278 -0.030076 -0.071510 -0.129534 -0.024598 -0.046133 0.021235 -0.040345 0.093112 0.060940 0.022468 0.016404 -0.066303 0.053666 0.028015 -0.030186 0.070736 0.003072 -0.014312 -0.142217 0.018329 0.038579 -0.034380 0.024767 0.051676 0.083583 -0.079549 -0.041034 0.011387 -0.206472 0.033494 0.055114 0.063327 -0.049159 -0.065886 -0.060639 0.092647 0.086709 -0.091269 -0.055940 -0.026650 0.083585 0.139855 0.062120 -0.038504 0.087015 0.065544 0.003379 -0.005258 -0.092364 0.053764 0.011207 
0.041514 -0.055974 0.007981 -0.074467 0.009835 -0.010094 -0.031544 0.031353 -0.043790 -0.036452 0.002016 0.088477 0.057029 0.031827 -0.043871 0.017368 0.030827 0.008285 -0.007284 0.056098 0.033085 0.009352 0.131877 0.005922 -0.049895 0.060346 -0.023706 -0.015278 0.043161 -0.036834 0.002086 0.052675 0.029440 -0.098420 -0.013713 -0.025695 0.028792 -0.024318 -0.032857 0.043950 0.011409 0.013426 -0.029422 -0.045320 -0.063211 -0.013374 0.055375 -0.064831 0.014896 0.032027 -0.040145 0.037470 0.035235 -0.116722 -0.016895 0.030199 -0.021520 -0.003584 0.015354 -0.058708 0.051245 
-0.051416 -0.216714 -0.043647 -0.037581 0.094347 -0.095359 -0.010791 0.088465 -0.027884 0.036750 -0.095074 -0.024835 0.138652 -0.002758 -0.035620 -0.021693 0.096353 -0.161192 0.115701 0.306328 0.069238 0.107172 0.208326 0.017178 -0.101956 -0.096036 0.067903 -0.048312 0.160263 -0.264721 0.063913 0.073829 -0.156330 -0.129262 -0.063237 -0.108979 -0.052249 0.018177 0.012420 0.048796 0.037179 0.019780 0.019956 -0.091392 -0.268302 -0.094205 0.163555 0.090384 0.155691 -0.002616 -0.030220 -0.007126 0.034332 -0.280966 0.038797 0.007159 -0.124180 -0.095320 -0.019558 -0.156840 0.044817 
0.128497 0.066370 0.075769 -0.103885 0.015433 -0.018278 -0.089925 -0.054906 -0.064883 -0.155463 0.130082 0.357895 0.094377 0.076408 -0.084289 0.064460 0.042666 0.138664 -0.065609 -0.081763 0.082898 0.025675 0.141311 -0.039582 -0.108862 0.257878 -0.170863 -0.024385 0.018500 0.203185 -0.103770 0.108998 0.209822 -0.154436 0.008485 0.078891 0.162825 -0.112595 -0.082695 0.055546 0.003665 -0.021035 -0.113852 -0.033425 0.087040 -0.015839 -0.041833 -0.233140 -0.109612 0.044428 -0.112082 0.007886 0.042556 -0.064458 -0.156455 0.082348 0.065354 0.073577 0.134495 -0.024395 0.130674 
0.038591 -0.075095 0.016093 -0.070749 0.054858 -0.056792 -0.050372 0.016742 -0.046392 -0.059405 0.017562 0.166619 0.116487 0.036842 -0.059967 0.021407 0.069487 -0.011174 0.024998 0.112168 0.076068 0.066393 0.174791 -0.011215 -0.105403 0.081015 -0.051541 -0.036340 0.089329 -0.030638 -0.019971 0.091415 0.026845 -0.141843 -0.027350 -0.014995 0.055342 -0.047241 -0.035170 0.052171 0.020412 -0.000635 -0.046984 -0.062391 -0.090529 -0.054992 0.060804 -0.071468 0.022962 0.020918 -0.071164 0.000393 0.038447 -0.172643 -0.058875 0.044774 -0.029359 -0.010826 0.057502 -0.090572 0.087764 
0.031786 0.021805 -0.016202 -0.110719 -0.034027 0.098044 -0.055305 0.063517 -0.052298 -0.002696 -0.011562 -0.002802 0.017500 0.066735 0.010414 0.008168 -0.013357 -0.005536 -0.145213 -0.059963 -0.076623 -0.099730 0.080103 0.041117 0.063092 0.019529 0.024010 0.040955 0.034554 -0.078480 0.044136 0.011800 0.051386 -0.090603 -0.043071 -0.040140 0.001685 0.016275 0.057330 0.030521 -0.016239 0.026944 0.026574 0.005993 -0.011393 0.035499 0.043610 -0.028826 0.032226 0.086867 -0.042700 0.063519 0.020434 -0.023687 0.042751 -0.015350 -0.021836 0.028207 -0.027995 -0.052591 -0.013558 
0.163542 0.014931 -0.117389 -0.190263 0.154695 0.113528 -0.200831 0.152665 -0.184470 0.173294 0.301315 -0.053647 -0.000032 0.088321 0.050557 0.167439 -0.025613 0.065200 -0.205380 0.040974 -0.107218 -0.071353 -0.044604 -0.204763 0.091052 0.048426 0.200408 -0.022028 -0.109306 -0.011660 0.152321 -0.051844 0.200025 -0.142353 -0.065833 -0.176859 -0.145987 -0.090903 0.064150 0.099431 0.000660 0.021239 -0.005908 -0.053081 0.045430 -0.025429 -0.017939 0.000840 0.064695 0.167011 -0.086453 -0.069086 -0.063811 -0.007430 0.131390 -0.083656 0.051348 -0.146656 -0.219797 -0.054592 -0.109801 
-0.078970 0.108891 -0.018687 -0.071327 -0.299372 0.200400 -0.083678 0.145593 0.169976 -0.066460 -0.180381 -0.050817 0.043054 0.070138 -0.077406 0.056107 -0.118379 0.011374 -0.244255 -0.143068 -0.202217 -0.047665 0.158825 0.066130 0.051838 -0.088265 -0.009421 0.061987 0.082255 -0.100236 0.028703 0.175546 -0.080200 -0.213669 0.102282 -0.167064 -0.015604 0.167536 0.042848 0.048751 -0.034511 -0.082735 0.054307 0.237139 -0.057839 -0.069392 0.031560 -0.056682 -0.005766 -0.131141 0.077843 0.249231 -0.077273 0.029369 -0.095437 -0.057751 0.019574 0.194253 0.128108 -0.091205 0.109982 
0.003900 -0.002401 0.069908 -0.096730 0.011106 0.058093 0.101238 -0.084349 -0.148520 -0.090416 -0.165029 0.030285 -0.018954 0.066887 0.097109 -0.205347 0.072023 -0.102988 -0.085390 -0.161169 0.000498 -0.258517 0.088725 0.286907 0.127672 0.069016 -0.084381 0.123260 0.124329 -0.153404 -0.018213 -0.117641 0.050232 0.089627 -0.186670 0.212762 0.146892 0.001353 0.129847 -0.066142 -0.034738 0.151932 0.071564 -0.129050 0.015542 0.236261 0.108635 -0.004723 0.050227 0.264089 -0.121280 0.029107 0.191504 -0.026018 0.135204 0.062446 -0.136494 0.059758 -0.023634 -0.007619 -0.087494 
0.029473 0.040488 -0.022044 -0.119438 -0.044548 0.124024 -0.061069 0.071290 -0.054333 0.005455 -0.014744 -0.024736 0.008015 0.075120 0.023432 0.006034 -0.023991 -0.008821 -0.178357 -0.087794 -0.102992 -0.125880 0.067652 0.049474 0.090210 0.009718 0.035518 0.054429 0.032445 -0.088453 0.054263 0.002010 0.056674 -0.088779 -0.050087 -0.043692 -0.004880 0.026013 0.078970 0.027330 -0.022871 0.030157 0.040005 0.018343 0.001050 0.047176 0.040761 -0.020183 0.036387 0.100001 -0.043298 0.069767 0.016825 -0.001344 0.057061 -0.026317 -0.021873 0.035811 -0.038429 -0.051134 -0.029112 
0.012475 -0.039230 0.008914 -0.002236 -0.036399 -0.032915 -0.036052 0.115159 -0.050072 -0.057254 0.038643 0.063201 -0.024848 0.032879 -0.021296 -0.068873 -0.043472 0.018425 -0.028175 0.042447 -0.025842 -0.007445 -0.044741 0.055494 -0.015119 0.045290 -0.012787 0.006133 -0.058705 -0.013098 -0.003144 -0.036284 -0.027633 0.035255 -0.011555 0.019875 -0.011091 0.011610 0.061734 -0.004475 -0.091164 -0.035180 0.034936 -0.069165 -0.033942 -0.047441 0.060985 0.029387 -0.037475 -0.004645 0.042223 -0.019626 -0.054165 0.050742 -0.056449 -0.065539 -0.071837 -0.032602 -0.007232 0.059284 0.101695 
0.035193 -0.102489 0.019595 0.070949 0.027718 -0.035811 -0.035945 0.221596 -0.129459 -0.125795 -0.003577 0.187767 -0.138973 0.048776 -0.057138 -0.195220 -0.057262 -0.069324 -0.017054 0.110368 -0.067761 0.052415 -0.090578 0.086207 0.012889 0.131310 -0.102700 0.081526 -0.145331 -0.018823 -0.029233 -0.142716 -0.001271 -0.023628 0.012376 -0.041597 -0.046590 0.029081 0.127429 0.035296 -0.219153 0.004753 0.136305 -0.051709 -0.053447 -0.094201 0.092050 0.054094 -0.175619 -0.011572 0.069983 -0.003169 -0.091014 0.128878 -0.058081 -0.209969 -0.087687 -0.076782 -0.050492 0.021407 0.241996 
-0.015842 0.031449 0.013176 -0.079768 -0.093962 -0.013873 -0.014222 0.005180 0.008436 -0.000632 0.051705 -0.042787 0.092194 0.018403 -0.018245 0.018565 -0.013576 0.088132 -0.023422 0.021182 0.017882 -0.032707 -0.025238 0.037200 -0.032304 0.004513 0.045098 -0.058017 0.017808 -0.041414 0.015966 0.035301 0.009369 0.079747 -0.037259 0.043622 0.023643 0.018212 -0.017593 -0.021807 0.009438 -0.066623 -0.061186 -0.053540 -0.022422 -0.021770 0.040176 0.043848 0.079926 0.011077 0.012942 -0.027671 -0.000272 0.030482 -0.078358 0.025097 -0.025980 0.008620 -0.000903 0.082804 -0.024628 
-0.033215 0.080200 0.004200 -0.136364 -0.144022 -0.012368 -0.015315 -0.077258 0.071005 0.053108 0.085812 -0.140311 0.180627 0.006001 0.011079 0.118407 -0.003616 0.157060 -0.032783 -0.033676 0.050330 -0.080754 0.011545 0.012793 -0.054537 -0.064324 0.116349 -0.117043 0.085500 -0.035405 0.036534 0.119501 -0.014005 0.126106 -0.055749 0.093063 0.051227 0.003546 -0.067948 -0.053704 0.110025 -0.098004 -0.140096 -0.068609 -0.006919 0.015489 0.015596 0.022872 0.188087 0.016048 -0.008531 -0.040829 0.027540 -0.032819 -0.076008 0.139657 -0.015061 0.043041 0.034368 0.112859 -0.134151 
-0.022035 0.039028 0.031049 -0.083524 -0.084998 0.005165 0.011723 0.003004 -0.017758 -0.016026 0.016425 -0.018459 0.093484 0.020385 -0.057703 -0.029840 0.005213 0.065133 -0.004440 0.077644 0.019224 0.009343 -0.057248 0.052467 -0.018974 0.059645 0.005520 -0.043296 0.004210 -0.081780 0.007219 -0.007923 0.084802 0.061613 -0.038904 -0.002157 0.022067 0.047013 -0.032472 0.005483 -0.025372 -0.055828 -0.053063 -0.014087 -0.032234 -0.047595 0.052893 0.090636 0.052781 0.021349 0.011666 -0.017411 0.019186 0.100407 -0.106228 -0.041255 0.009208 0.004287 -0.045397 0.065110 -0.005444 
-0.100496 0.087870 0.125513 -0.197035 -0.116325 -0.022280 0.070145 -0.054199 -0.066697 -0.066161 0.036551 -0.007892 0.140740 0.048618 -0.109536 -0.090695 -0.024741 0.117110 0.007407 0.223741 -0.050511 0.039059 -0.141894 0.043798 -0.040023 0.111208 0.029164 -0.081160 0.059464 -0.202329 -0.027686 -0.032784 0.163863 0.070265 -0.042018 -0.100885 0.086395 0.096410 -0.052391 -0.035657 -0.065774 -0.035098 -0.097518 0.033705 -0.030274 -0.034032 0.151874 0.126597 0.062429 0.077025 0.067065 -0.045799 0.064143 0.276485 -0.245911 -0.086509 0.031314 -0.032056 -0.155811 0.089970 0.071590 
0.040968 0.000235 -0.025446 0.000331 -0.003757 -0.001184 -0.059493 0.074938 0.026867 0.020770 -0.049697 -0.041487 0.047010 0.029454 -0.057268 -0.013856 0.041725 0.024338 0.014841 -0.039778 0.088004 0.002085 0.019701 0.089717 -0.007395 0.075751 -0.027272 0.005019 -0.044683 0.007354 -0.027767 0.007848 0.071387 -0.012703 -0.015044 0.040812 -0.044130 0.062087 -0.030052 0.067727 -0.001572 -0.048124 0.058795 -0.031428 -0.094381 -0.043134 -0.031189 0.082706 0.028519 -0.014860 -0.020469 -0.045395 -0.001628 0.023920 -0.017970 -0.043365 0.039342 0.033544 0.006720 0.103266 -0.101871 
0.081004 0.059626 -0.013423 0.074009 0.126185 0.066043 -0.267000 -0.008152 0.160621 0.002646 -0.218968 -0.160973 0.071003 -0.001971 -0.047075 -0.014884 -0.102462 0.100653 -0.098474 0.043054 0.126089 0.092107 -0.119227 0.142845 -0.076396 0.024890 -0.134043 0.021494 -0.077159 0.210308 -0.045380 -0.049913 0.168502 -0.068779 -0.181293 0.021399 -0.109094 -0.056006 -0.020305 0.106778 -0.048095 -0.063680 0.122643 -0.107504 -0.415861 0.023309 -0.168601 0.113888 0.033742 0.106349 0.044365 0.089101 0.032665 -0.018337 0.018783 0.078182 -0.028372 0.081958 0.023742 0.120715 -0.063341 
0.084272 -0.104096 -0.076133 -0.046099 -0.101407 -0.063211 0.079893 0.233497 -0.029079 0.005719 0.051005 0.022642 -0.018886 0.096073 -0.139334 -0.060177 0.199826 -0.071589 0.091098 -0.199974 0.111743 -0.068464 0.215021 0.021133 -0.017122 0.160432 0.019284 0.005391 -0.060504 -0.140359 -0.031628 0.082720 -0.009791 0.000493 0.153356 0.135718 -0.053888 0.158927 -0.050332 0.053667 -0.026212 -0.033047 0.117324 0.039124 0.112944 -0.152016 0.040717 0.083959 -0.005329 -0.155007 -0.109460 -0.237078 -0.028341 0.024081 0.053825 -0.149480 0.178401 0.017585 0.058836 0.129823 -0.349992 
0.082637 -0.022186 -0.044746 0.013955 0.012423 0.001458 -0.093641 0.112596 0.065832 0.004150 -0.084050 -0.069227 0.026092 0.047032 -0.093207 -0.037545 0.048582 0.014595 -0.003767 -0.078359 0.118908 0.011878 0.047784 0.081998 -0.046813 0.092627 -0.057429 0.013428 -0.068829 0.035049 -0.038498 0.016364 0.079419 -0.034140 -0.014075 0.078533 -0.081501 0.051383 -0.035316 0.080215 -0.037201 -0.048376 0.119974 -0.034225 -0.151621 -0.064323 -0.063983 0.098949 0.014219 -0.024244 -0.032496 -0.073904 0.002193 0.002883 0.036290 -0.035577 0.074968 0.049787 0.041279 0.125264 -0.206617 
-0.008961 0.022431 -0.029679 0.047764 0.034269 -0.014549 -0.038790 0.044519 -0.033892 0.102919 -0.023203 0.010481 0.057291 -0.009355 0.040983 0.066658 0.059323 0.010083 0.084501 -0.052563 0.073163 -0.031582 0.020205 0.148322 0.111281 0.045866 0.021498 0.030746 -0.028222 0.022204 -0.033786 0.000351 0.036347 -0.029237 0.005790 -0.018694 -0.009177 0.105999 -0.013270 0.096428 0.119144 -0.039745 0.004953 -0.041483 -0.002084 0.019207 -0.026889 0.030634 0.043056 -0.025348 -0.019844 0.004460 -0.032838 0.004157 -0.076786 -0.066305 -0.027513 0.018903 -0.034876 0.081814 0.086332 
-0.044808 0.073469 -0.034978 0.161279 0.095064 -0.100448 -0.068010 0.055080 -0.031167 0.257907 -0.008274 0.051459 0.116959 0.053911 0.241458 0.154296 0.056818 -0.053468 0.149863 -0.076708 0.156792 -0.032479 0.071543 0.263433 0.301647 0.170829 0.098188 -0.024777 0.039376 0.048620 0.078678 -0.024559 0.043671 0.003362 0.074659 -0.064397 0.017959 0.186263 -0.020865 0.124523 0.239149 -0.010875 -0.017499 -0.067581 0.041317 0.109220 -0.014811 -0.028272 0.028978 -0.046894 0.013524 0.110276 -0.095786 -0.000338 -0.211374 -0.153452 -0.087408 0.035928 -0.082156 0.084129 0.216108 
-0.077786 -0.141148 -0.021488 -0.081533 0.042431 -0.037669 -0.026899 0.046932 0.026540 0.079234 -0.004377 0.047697 -0.024544 -0.191518 -0.064749 0.070796 0.063747 0.099397 0.090871 -0.051316 0.008378 -0.063617 -0.148231 0.163719 0.097267 0.042775 0.062636 0.063897 0.041133 0.053474 -0.050479 0.054405 0.005622 -0.082072 -0.085502 -0.074156 0.037775 0.087603 0.036945 0.003278 0.102281 0.028339 -0.016393 -0.076898 0.093442 -0.045029 -0.049978 -0.009041 0.079968 -0.065236 -0.042858 0.006214 -0.006495 0.037095 0.053185 -0.032554 -0.019368 0.070238 -0.006498 -0.049466 0.128177 
-0.089382 -0.259749 -0.013546 -0.196791 0.021792 -0.039938 -0.030363 0.066124 0.100730 0.007511 -0.009141 0.037957 -0.085078 -0.285903 -0.199919 0.020876 0.056122 0.167201 0.049952 -0.041685 -0.027602 -0.063560 -0.256919 0.132619 0.008010 0.052513 0.055502 0.072091 0.071511 0.062927 -0.062947 0.094092 0.006916 -0.106996 -0.158750 -0.071136 0.045020 0.045789 0.058834 -0.073819 0.013506 0.064674 0.003521 -0.091841 0.096093 -0.127159 -0.067659 0.000106 0.095163 -0.082957 -0.059349 -0.027763 0.031854 0.069839 0.176724 0.006703 0.028721 0.110410 0.038568 -0.119238 0.035429 
0.042899 0.160148 -0.037618 0.043850 -0.035297 0.205120 0.076723 -0.066367 -0.279662 -0.055503 -0.016987 -0.008313 0.034693 -0.040124 -0.087319 0.043980 0.106469 0.022643 0.088631 -0.024673 -0.100481 -0.076224 0.106325 -0.018601 -0.056103 -0.355833 -0.104275 0.200667 -0.252002 -0.048496 -0.322227 -0.024531 -0.035127 -0.089354 -0.000789 0.016344 -0.049224 0.035536 -0.014526 0.219681 0.144967 -0.181801 -0.050317 0.046413 0.003132 0.031413 -0.017131 0.099265 0.070159 0.055308 -0.075572 -0.143431 0.015424 -0.078983 -0.048583 0.057422 -0.057442 -0.130998 -0.057619 0.190061 0.187938 
-0.032087 -0.066506 -0.024800 -0.082112 -0.000892 0.068138 0.018007 0.005272 -0.074031 -0.013295 -0.011346 0.019986 -0.028330 -0.173372 -0.138881 0.036914 0.079493 0.098929 0.071974 -0.035174 -0.058427 -0.070443 -0.090120 0.069634 -0.010929 -0.129882 -0.012969 0.129516 -0.072726 0.013653 -0.177236 0.039111 -0.013090 -0.098435 -0.083996 -0.034841 0.004233 0.045230 0.025791 0.061432 0.081174 -0.046104 -0.023448 -0.030207 0.058300 -0.050071 -0.044155 0.041512 0.083806 -0.021180 -0.065592 -0.075186 0.021277 0.001413 0.067941 0.026108 -0.014607 0.000791 -0.008073 0.020700 0.115189 
0.014180 0.019932 -0.020782 -0.018548 -0.113846 0.067791 0.030830 0.006254 -0.023608 -0.001357 0.017999 0.015379 0.077527 -0.024133 -0.029987 -0.014686 0.028751 0.012064 -0.019495 0.056984 0.045946 0.020533 -0.053325 0.043232 0.011549 0.032297 -0.034858 -0.025046 -0.035496 -0.050641 0.079112 -0.035183 0.070917 0.104362 -0.059934 0.039683 -0.000227 -0.003783 -0.023743 0.027450 -0.031066 -0.079843 -0.095403 -0.019780 0.016110 -0.096901 0.016826 0.099080 0.035593 -0.006605 -0.031923 0.058641 -0.000079 0.013471 -0.035731 -0.047745 -0.013375 0.019467 0.004358 -0.023970 0.006626 
0.019012 0.022282 -0.091933 0.019748 -0.207917 0.204590 0.072365 -0.045872 -0.045757 0.036839 0.060693 0.113222 0.135425 -0.049872 -0.025647 -0.065293 0.084146 -0.039790 -0.029867 0.074264 0.079406 0.042990 -0.074693 0.045264 0.052051 0.008201 -0.116226 -0.035164 -0.102350 -0.015291 0.259417 -0.093823 0.067998 0.164532 -0.118147 0.158690 -0.066708 -0.034538 -0.007998 0.125934 -0.045436 -0.154914 -0.140387 -0.091789 0.110021 -0.262880 -0.039439 0.121727 0.087253 -0.088638 -0.007354 0.227866 0.068875 -0.043288 0.040057 -0.073658 -0.052727 0.022134 0.035827 -0.110247 0.005504 
0.039546 0.001034 0.015356 -0.006448 -0.032304 -0.033194 0.000246 0.067804 -0.003607 -0.031951 -0.028809 -0.066170 -0.001344 -0.032985 -0.011300 0.055280 -0.013691 0.025386 -0.020608 0.019919 0.030948 0.004728 -0.025888 0.033084 -0.008156 0.036201 0.022548 0.001892 0.006114 -0.064010 -0.063055 0.007752 0.062395 0.072881 -0.012180 -0.058924 0.055778 -0.012322 -0.034072 -0.064922 -0.019706 -0.015616 -0.080698 0.056584 -0.048663 0.048327 0.049591 0.080726 -0.037291 0.062121 -0.096721 -0.067489 -0.094234 0.003508 -0.061215 -0.024044 0.011790 0.029377 0.011206 -0.002468 0.018162 
0.034407 -0.000029 0.072185 -0.038487 0.041277 -0.141004 -0.032491 0.107822 0.013681 -0.061944 -0.061753 -0.142851 -0.045310 -0.011419 -0.015728 0.093662 -0.057276 0.067400 -0.012031 0.007419 0.004132 -0.013006 -0.009585 0.031881 -0.040545 0.055830 0.086797 0.008970 0.059158 -0.092454 -0.204736 0.053982 0.065188 0.024866 0.033477 -0.152218 0.107852 0.013353 -0.046540 -0.141631 -0.008416 0.043142 -0.044395 0.112266 -0.122884 0.178090 0.094337 0.062954 -0.076405 0.126396 -0.113937 -0.200799 -0.146585 0.050626 -0.122345 -0.003832 0.042982 0.026729 -0.014979 0.067468 0.018553 
0.075351 -0.018493 -0.027397 0.053875 -0.048900 0.011747 0.013984 0.077963 -0.006566 -0.022239 -0.032868 -0.045051 -0.025052 -0.074381 0.016016 0.077217 0.002674 -0.021164 -0.034387 -0.003154 0.053416 0.013020 -0.019116 0.023523 0.017207 0.011865 -0.007330 0.021594 -0.025006 -0.037346 -0.014540 -0.011930 0.048809 0.107947 -0.025650 -0.032549 0.042130 -0.059373 -0.027369 -0.055832 -0.023537 -0.029861 -0.117359 0.060371 -0.012426 0.020647 0.020734 0.086231 -0.061415 0.044832 -0.143832 -0.013323 -0.122733 -0.076474 -0.000290 -0.027150 -0.005734 0.044301 0.057115 -0.080706 0.030456 
0.070923 -0.015411 0.087451 0.000580 -0.041962 0.148518 -0.024969 0.251585 -0.075544 -0.011740 -0.074054 -0.107001 -0.116770 -0.191570 0.015657 0.098433 0.020602 -0.208770 -0.015897 -0.039098 0.108100 0.024992 -0.036491 -0.022664 0.115057 -0.045689 0.063406 -0.041346 0.038835 0.077385 -0.088333 0.040282 0.038626 0.213771 -0.133415 0.122921 0.017723 -0.151365 -0.054543 -0.032346 0.068704 -0.138051 -0.342103 0.114783 -0.153411 -0.011431 0.082117 -0.013952 -0.244859 0.035901 -0.228467 0.021626 -0.100866 -0.045565 0.019224 -0.202646 -0.033631 0.010744 0.125473 -0.194055 0.001193 
-0.007996 -0.007055 -0.062297 0.116901 0.011586 -0.018855 0.028505 0.045993 -0.008408 -0.030474 0.023513 -0.043949 -0.015315 0.030215 0.020521 -0.050043 0.023111 0.087972 -0.059473 -0.026855 0.045087 -0.036722 -0.021678 0.039203 -0.057610 -0.034047 0.002996 0.021951 0.046442 0.017942 -0.002880 -0.073364 0.017128 0.039514 0.035612 -0.043177 -0.003868 0.019909 -0.003050 0.057820 -0.002460 0.073458 -0.109019 0.010184 0.000643 -0.049107 0.053462 0.031429 0.033925 0.064860 -0.043470 0.001400 -0.062791 -0.031574 0.001631 0.016727 0.089257 0.018956 0.066076 -0.065389 0.035838 
0.078298 -0.012523 -0.092161 0.234603 0.004763 -0.063978 0.134935 0.020735 0.067552 0.114468 0.078114 -0.061543 -0.034959 0.250487 0.035669 -0.150501 -0.097266 0.211570 0.119955 -0.051761 -0.066750 -0.315099 -0.150206 0.076970 -0.275177 -0.012284 0.023738 -0.067136 0.126770 0.045369 -0.003880 -0.028633 -0.014125 0.040681 0.005661 -0.009918 -0.007763 0.075917 -0.001255 0.245660 -0.038802 0.086313 -0.042335 0.155134 -0.073606 -0.142789 -0.012009 -0.000087 0.015589 0.063067 -0.296520 0.044827 0.005679 -0.020564 -0.039610 0.038112 0.029730 -0.041969 -0.004317 -0.205889 0.086516 
-0.180316 -0.012878 -0.136453 0.053847 0.071862 -0.043142 -0.017464 0.067098 -0.093348 -0.189196 0.001162 -0.019993 0.063369 -0.062043 -0.033032 -0.050837 0.177903 0.037445 -0.237550 -0.136701 0.141616 0.163147 0.047477 0.012060 0.077734 -0.140796 -0.025828 0.115258 0.072334 0.072190 0.067805 -0.205716 0.038292 0.009269 0.126804 -0.106157 -0.042119 -0.000256 -0.030243 0.004930 0.002745 0.160972 -0.232309 -0.167847 0.031507 -0.000971 0.184569 0.058971 0.110951 0.120100 0.260222 -0.040276 -0.165343 -0.020753 0.051954 0.054454 0.276549 0.070891 0.137720 0.057816 0.045198 
-0.051056 -0.012703 -0.114314 0.144176 0.038319 -0.053553 0.058700 0.043932 -0.012935 -0.037431 0.039613 -0.040759 0.014227 0.094139 0.001302 -0.100629 0.040378 0.124453 -0.058874 -0.094250 0.037481 -0.075862 -0.051321 0.044498 -0.098632 -0.076564 -0.001058 0.024102 0.099531 0.058779 0.031979 -0.117207 0.012100 0.024978 0.066252 -0.058058 -0.024942 0.037802 -0.015760 0.125226 -0.018023 0.123646 -0.137367 -0.006422 -0.021029 -0.071838 0.086321 0.029464 0.063278 0.091595 -0.018038 0.002254 -0.079881 -0.020665 0.006192 0.046281 0.153183 0.014490 0.066732 -0.073980 0.065849 
0.022839 0.019500 0.041421 0.107088 0.001070 0.043061 -0.037749 0.019473 0.001567 -0.020661 0.037020 -0.051289 -0.084228 -0.035889 0.076226 -0.042627 -0.002015 0.099885 -0.086830 0.129086 0.057360 0.018573 0.055182 0.040707 -0.022667 0.033127 0.024104 0.016862 -0.023610 -0.035503 -0.084093 -0.018311 -0.001170 0.009558 0.015534 -0.014287 0.006147 0.051625 0.055236 -0.008373 0.060303 0.043353 -0.025297 0.003603 0.071773 -0.058235 -0.001063 -0.018244 0.051449 0.013704 -0.009695 0.013767 0.042716 -0.015615 -0.008467 -0.018076 0.014403 0.005615 0.073548 -0.026659 -0.038921 
-0.041916 0.141163 0.104507 0.127974 0.094961 0.033553 -0.203000 0.121275 0.040181 -0.012727 0.228579 -0.167337 -0.120507 0.066228 0.010919 -0.075539 0.035059 0.040390 0.024738 0.173256 0.176640 0.006863 0.018679 0.016071 -0.050470 0.022914 -0.035056 0.212561 -0.201676 -0.230551 -0.121868 -0.011296 -0.111895 -0.049178 -0.031724 -0.062664 -0.021030 -0.030982 -0.101696 -0.119798 0.111667 0.014065 0.040255 -0.110683 0.178131 0.018642 0.011401 -0.079350 0.108692 0.028535 -0.074065 0.192497 0.123668 0.166334 -0.109717 0.004110 -0.057445 0.062694 0.263952 -0.158183 -0.106914 
0.098473 -0.087940 0.053828 0.112031 -0.085703 0.116953 0.116129 -0.067504 0.011490 0.012993 -0.125001 0.040930 -0.105894 -0.180472 0.145568 -0.023820 -0.063511 0.200995 -0.306273 0.275884 -0.005780 0.081271 0.220952 0.078259 0.006792 0.077189 0.106463 -0.232255 0.066313 0.086706 -0.151471 0.017482 0.068167 0.088983 0.042594 0.047968 0.054233 0.118440 0.286737 0.129792 0.124053 0.068360 0.007090 0.047180 0.072158 -0.083761 -0.081429 0.022368 -0.013177 -0.025092 0.060865 -0.162554 0.033919 -0.095107 0.092793 -0.066654 0.058688 -0.015649 -0.069360 0.070201 -0.001518 
0.028324 0.026524 0.079134 0.119999 0.004565 0.075274 -0.043309 0.026822 0.025824 0.000142 0.051659 -0.063127 -0.113185 -0.057201 0.078284 -0.049662 -0.014258 0.120749 -0.140885 0.224585 0.085363 0.044086 0.119878 0.047188 -0.021824 0.050061 0.035752 -0.010008 -0.067575 -0.071800 -0.136668 0.003095 -0.021796 0.019958 0.005465 -0.007312 0.016628 0.043777 0.092653 0.005099 0.117856 0.041237 0.023648 -0.031694 0.125096 -0.032595 -0.035040 -0.028447 0.047710 0.001710 -0.006557 0.014841 0.078745 0.035518 -0.008387 -0.031293 0.000675 0.023497 0.097175 -0.043915 -0.054166 
0.038940 0.026968 0.043322 0.062436 -0.018972 0.018085 -0.088802 -0.026968 -0.053925 -0.066962 0.010832 -0.026573 -0.074979 -0.044603 0.126430 -0.016205 0.005848 0.055591 0.031484 0.027365 -0.006021 0.005053 -0.042427 0.024760 0.010016 0.054619 0.013856 0.084025 0.025129 0.009178 -0.023444 -0.021019 0.036286 -0.048371 0.022673 -0.004165 -0.012077 0.104583 0.012763 -0.110748 -0.032229 0.019000 -0.073679 0.092343 -0.001048 -0.136592 0.036052 -0.040313 0.078984 -0.005101 0.015671 0.023034 0.050926 -0.137760 -0.018666 -0.017243 -0.023322 -0.056009 0.017089 0.058734 -0.072463 
0.016515 0.046263 0.118471 0.098910 -0.030066 0.035905 -0.149440 0.074547 -0.163703 -0.002249 0.004380 -0.072539 -0.056544 -0.074509 0.076484 -0.121808 -0.035324 -0.017528 -0.005776 -0.103719 0.123458 -0.007997 -0.159850 0.059269 -0.060439 0.018835 -0.040631 -0.024576 -0.007787 -0.024880 0.066630 -0.051126 0.117808 -0.190795 -0.010749 0.048624 -0.034757 0.146710 -0.028691 -0.338098 -0.046884 0.109951 -0.130214 0.304314 0.040379 -0.186987 -0.017793 -0.108619 0.148092 -0.071864 0.067165 -0.042787 0.117627 -0.338907 -0.060406 0.008801 -0.077757 -0.089689 -0.102604 0.152795 0.013294 
0.090715 0.015139 -0.035728 -0.007305 -0.042692 -0.016135 -0.084679 -0.254657 0.034329 -0.227978 0.026922 0.062606 -0.099770 -0.011828 0.245524 0.182923 0.090928 0.133383 0.233130 0.085741 -0.233594 0.031312 0.036245 -0.028082 0.141287 0.135196 0.106090 0.327623 0.130624 0.115720 -0.093197 0.011574 -0.051544 0.091226 0.083107 -0.087035 -0.007837 0.128578 0.072097 0.061047 -0.125934 -0.120413 -0.057205 -0.097086 -0.157585 -0.188540 0.168296 0.038996 -0.003380 0.083633 -0.049790 0.156231 -0.014695 0.005438 0.044248 -0.056173 0.007113 -0.081378 0.103997 0.036000 -0.239954 
0.025015 -0.022102 -0.117434 -0.094534 0.088865 -0.075098 0.094037 0.144444 0.040349 0.037163 -0.168293 -0.008421 -0.037040 -0.031308 0.153357 -0.109345 -0.084255 -0.024986 -0.118716 0.201247 -0.151391 -0.107264 -0.065456 -0.051233 0.038842 0.020496 -0.107790 -0.003798 -0.018172 -0.052895 -0.032523 0.027719 0.066828 0.014581 0.000546 0.079494 0.046420 -0.072656 -0.210644 0.212780 0.087576 -0.083803 0.023906 -0.087107 0.119729 0.119574 -0.048896 -0.046003 0.124748 -0.056435 0.098516 -0.123761 -0.080748 0.023535 -0.082647 -0.009363 0.039967 0.013763 0.192618 -0.102221 -0.031517 
0.047802 0.004805 -0.052954 -0.078900 0.025231 -0.064140 -0.030558 0.025361 -0.052265 -0.053995 -0.123647 0.011023 -0.043063 -0.044947 0.195802 -0.042214 -0.039099 -0.036937 0.064851 0.029389 -0.162008 -0.076050 -0.154628 -0.038186 0.062855 0.057263 -0.068474 0.103501 0.050436 0.019042 0.031833 0.006134 0.091504 -0.067259 0.017584 0.055279 0.004676 0.052111 -0.164339 -0.017323 -0.055888 -0.070083 -0.063925 0.071609 -0.005023 -0.062885 0.024816 -0.064984 0.133347 -0.053815 0.090456 -0.053894 -0.021160 -0.162798 -0.066643 -0.012269 -0.023152 -0.077209 0.066742 0.048422 -0.084683 
0.033245 -0.009508 -0.086151 -0.089127 0.061769 -0.071436 0.036764 0.103217 -0.009067 0.003635 -0.153774 -0.002738 -0.037062 -0.039777 0.169664 -0.090124 -0.069645 -0.039334 -0.041371 0.115717 -0.149870 -0.097434 -0.117641 -0.044631 0.044895 0.033441 -0.098030 0.033996 0.009520 -0.024348 0.004780 0.016663 0.086221 -0.033609 0.004907 0.075401 0.026942 -0.016706 -0.199746 0.096708 0.023467 -0.072918 -0.018637 -0.000952 0.069133 0.038615 -0.021938 -0.060834 0.136094 -0.062544 0.101792 -0.101571 -0.051538 -0.075102 -0.080802 -0.008239 0.007999 -0.029168 0.129475 -0.029299 -0.047598 
0.200606 -0.054172 -0.190614 0.125553 -0.135010 -0.093785 0.065904 -0.111524 0.084166 -0.018028 -0.037716 0.058437 0.063028 -0.064196 0.040451 0.197129 -0.024362 0.073105 -0.048651 0.044152 0.012049 0.054692 0.013620 0.059730 -0.013200 0.108567 -0.142903 0.125661 -0.212902 -0.217122 0.122816 -0.041484 0.079484 0.070701 0.043700 -0.202000 0.105819 -0.063725 -0.008124 -0.189698 -0.171306 -0.002193 0.136045 0.041198 0.200386 0.103391 -0.123377 0.279563 0.064209 0.019037 -0.178827 -0.018137 -0.240586 -0.245082 0.035122 0.160434 -0.080349 0.129541 0.004844 -0.025959 0.076960 
-0.000117 -0.119491 0.050790 -0.253303 0.416622 0.188901 0.090239 0.102103 0.130525 -0.000172 -0.045010 0.082270 0.110726 -0.093646 0.031682 -0.076280 -0.149264 -0.064661 0.040033 -0.056337 0.016655 -0.119660 0.147428 -0.146257 -0.128044 -0.011229 -0.038243 0.017445 -0.163593 0.229396 -0.033830 -0.004262 0.079191 0.185093 0.125961 -0.030812 -0.073978 0.184830 0.105041 -0.082519 0.105159 0.110224 -0.016233 0.101803 0.114748 -0.112548 0.201011 0.256807 0.034274 0.023284 -0.012360 0.183446 -0.076962 0.004580 -0.207411 0.158280 -0.204069 0.095957 -0.015536 0.002538 -0.090495 
