-0.0020   -0.6951    0.1617   -0.1148    0.0473    0.0253   -0.2089   -0.4136    0.2353   -0.0369   -0.1918    0.1560    0.1035   -0.0107    0.0349   -0.1238    0.0083
    0.0000   -0.0618   -0.2661   -0.0128   -0.2009   -0.5470    0.1328   -0.1037   -0.1567   -0.1265   -0.2692    0.1974    0.1811   -0.0509   -0.4820    0.3709    0.0000
   -0.0009   -0.2411   -0.0756   -0.1089   -0.0896    0.0491   -0.0155   -0.0745   -0.0889    0.0291   -0.0768   -0.1316    0.0274    0.0527   -0.0371   -0.1572    0.0025
   -0.0026   -0.1293   -0.3845   -0.1032   -0.2692    0.1111    0.1204    0.1442   -0.4582    0.1168   -0.0816   -0.3447    0.0857   -0.0359   -0.0245   -0.3936    0.0107
   -0.0003   -0.0794    0.0271   -0.1902    0.0293   -0.0398    0.0632   -0.0173   -0.0315    0.0557    0.0784   -0.0617   -0.1440    0.1377   -0.0763    0.0149    0.0012
   -0.0002    0.1456    0.0792   -0.4398    0.2706    0.0480    0.3580   -0.0149    0.1286   -0.1602   -0.2135    0.0109   -0.3406    0.0432   -0.2659   -0.1834    0.0009
   -0.0002   -0.1978    0.0531   -0.0613   -0.0693   -0.3299   -0.3091    0.0764   -0.1486    0.2489    0.3933   -0.1879   -0.2613    0.2142    0.0827    0.2830    0.0009
   -0.0002   -0.0259    0.0662   -0.2507    0.1008   -0.1409    0.0247    0.0307   -0.0098    0.0441    0.0897   -0.0884   -0.3011    0.1286   -0.0917    0.0496    0.0009
   -0.0002   -0.0596    0.0261   -0.1106   -0.0418    0.1402    0.2446   -0.0879   -0.0315    0.1133    0.2043    0.0797    0.1026    0.2473   -0.0745    0.0950    0.0007
   -0.0001   -0.0778   -0.0057   -0.1302   -0.0707    0.2138    0.2304   -0.0494    0.0205    0.0548    0.2915    0.0765    0.1665    0.1537   -0.1248    0.1350    0.0005
   -0.0002   -0.0385    0.0169   -0.1158   -0.0839   -0.0134   -0.1327    0.1072    0.0191    0.0219   -0.0786   -0.0029   -0.2350   -0.0601   -0.0693   -0.0096    0.0005
   -0.0001    0.0008    0.0679   -0.0157   -0.0885    0.0687    0.1487   -0.0667   -0.0756    0.1872   -0.0284    0.1459   -0.0300    0.2637    0.0088    0.0257    0.0005
   -0.0000   -0.0361   -0.0027   -0.0872   -0.1414    0.0997   -0.0965    0.1178    0.0549    0.0065   -0.0014    0.0563   -0.1169   -0.0962   -0.0961    0.0403    0.0001
   -0.0001   -0.0696   -0.0349   -0.1494   -0.1279    0.1103   -0.1438    0.1635    0.1024   -0.0715    0.0740   -0.0076   -0.1209   -0.2029   -0.1521    0.0589    0.0002
   -0.0002   -0.1150   -0.0457   -0.2387   -0.0422    0.0741   -0.0768    0.1229    0.0971   -0.1007    0.1908   -0.0974   -0.1036   -0.1560   -0.1863    0.0720    0.0007
   -0.0002   -0.0002    0.0832   -0.0368   -0.0453   -0.0212    0.1146   -0.0719   -0.1028    0.1985   -0.0939    0.0998   -0.1269    0.2872    0.0303   -0.0148    0.0008
   -0.0000    0.0235    0.0629    0.0105   -0.1417    0.0234   -0.0460    0.0406   -0.0434    0.1479   -0.1833    0.1399   -0.1781    0.0958    0.0157   -0.0199    0.0002
    0.0000   -0.0099   -0.0011   -0.0420   -0.1964    0.0996   -0.1958    0.1748    0.0702    0.0023   -0.1034    0.0903   -0.1768   -0.1795   -0.0811    0.0193   -0.0002
    0.0000   -0.0692   -0.0403   -0.1081   -0.1620    0.2736    0.0658    0.0755    0.0997   -0.0261    0.2487    0.0949    0.1318   -0.0729   -0.1646    0.1441   -0.0000
   -0.0000    0.0485    0.0909    0.0566   -0.1436    0.0110    0.0080   -0.0074   -0.0877    0.2161   -0.2357    0.1884   -0.1693    0.2008    0.0626   -0.0343    0.0002
    0.0001    0.0266    0.0457    0.0457   -0.1988    0.1559    0.0322    0.0291   -0.0147    0.1468   -0.0809    0.2149   -0.0213    0.0962   -0.0084    0.0410   -0.0002
    0.0002   -0.0007   -0.0011    0.0223   -0.2437    0.2895    0.0510    0.0675    0.0593    0.0701    0.0786    0.2259    0.1157   -0.0136   -0.0837    0.1139   -0.0005
    0.0001    0.0426    0.0382    0.0535   -0.2382    0.0859   -0.1872    0.1474    0.0205    0.0933   -0.2428    0.1822   -0.2017   -0.0917   -0.0069   -0.0134   -0.0004
    0.0019   -0.0801   -0.0098   -0.0300   -0.1090    0.0790   -0.0748   -0.0726    0.0128   -0.0463   -0.1049   -0.2136    0.0404    0.1528   -0.0897   -0.0456   -0.0133
    0.0029    0.0923    0.1527   -0.0090   -0.1239    0.2270   -0.2788   -0.1639   -0.0466   -0.1662   -0.2084   -0.4066    0.1170    0.3161   -0.2591    0.0846   -0.0145
    0.0030   -0.1376   -0.1369    0.0137   -0.1085   -0.0626    0.1047    0.0321    0.1664    0.0246   -0.0121   -0.0656   -0.0349    0.0540    0.0566   -0.0974   -0.0255
    0.0021   -0.2766   -0.2646   -0.0056   -0.0962   -0.1778    0.2641    0.1024    0.2082    0.1198    0.0687    0.0862   -0.0944   -0.0756    0.1891   -0.2020   -0.0241
    0.0057    0.0017   -0.0921    0.0904   -0.1260   -0.0521    0.0719    0.0462    0.2767   -0.0355   -0.0267   -0.1226   -0.0320    0.1332    0.0260   -0.0022   -0.0413
   -0.0110    0.1124    0.1594    0.2778   -0.2388   -0.2252    0.0983    0.1092    0.5525    0.1611    0.0612   -0.2564    0.0680    0.1414   -0.2774   -0.2286   -0.0171
    0.0451   -0.0228    0.0694   -0.0014   -0.1063    0.0053    0.1444   -0.0224    0.0607   -0.0031   -0.0793   -0.1492   -0.0325   -0.0723    0.1201    0.1466   -0.1199
   -0.0171    0.0005    0.1089   -0.3514    0.0369   -0.0142    0.1020    0.2273    0.1428    0.2881   -0.3308   -0.2354    0.2991   -0.1128    0.2867    0.3469   -0.1195
   -0.0171   -0.1284    0.2507    0.2905   -0.2896    0.0531    0.3390   -0.2238   -0.1718   -0.3402    0.0777   -0.1502   -0.3527   -0.1796    0.0979    0.1285   -0.1198
   -0.0172   -0.0639    0.1797   -0.0306   -0.1263    0.0194    0.2205    0.0019   -0.0144   -0.0259   -0.1267   -0.1929   -0.0266   -0.1462    0.1923    0.2377   -0.1196
    0.2541    0.0643   -0.0685   -0.0151   -0.0318    0.0246    0.0103   -0.1569    0.0481    0.0926   -0.0039   -0.0573   -0.0479   -0.0780    0.0186    0.0489   -0.1997
    0.5066    0.2227   -0.2693   -0.0475   -0.0263    0.0752   -0.0698   -0.4874    0.1110    0.2993    0.0440   -0.0776   -0.1306   -0.1989   -0.0260    0.0525   -0.0910
    0.5236   -0.0390    0.0390    0.0096    0.0260   -0.0157   -0.0147    0.0996   -0.0336   -0.0579    0.0069    0.0444    0.0319    0.0530   -0.0185   -0.0390   -0.0668
    0.5553   -0.1640    0.1990    0.0349    0.0175   -0.0552    0.0538    0.3577   -0.0805   -0.2199   -0.0337    0.0544    0.0953    0.1448    0.0212   -0.0360    0.0591
   -0.2068    0.0139   -0.0461    0.0014    0.0748   -0.0044   -0.1007    0.0204   -0.0436   -0.0007    0.0552    0.1054    0.0240    0.0526   -0.0840   -0.1033   -0.8674
    0.2242   -0.0751    0.0765    0.0181    0.0462   -0.0298   -0.0234    0.1890   -0.0621   -0.1103    0.0107    0.0799    0.0597    0.0987   -0.0314   -0.0697   -0.3609
   -0.0082    0.0226   -0.5398    0.0105   -0.0130    0.1330   -0.0687    0.0441    0.2360   -0.3920   -0.1073    0.0228   -0.1618    0.4068    0.3065    0.2521   -0.0128
    0.0000   -0.3122   -0.1629    0.4638    0.4697    0.2743    0.1157    0.1851   -0.0172    0.2792   -0.1633   -0.1469   -0.1823   -0.0356   -0.3082    0.2476   -0.0000