24 24
0.999999999999454 -2.71735886713214e-13 2.95110558260579e-12 -0.302141373482888 0.941590458254182 0.148721204192308 -0.303467350071829 0.536208539080405 0.787647108335093 0.299311297483445 -0.538638435098345 0.787579444021413 -0.297886750860145 0.538063745259379 -0.788511817865971 -0.704984576135273 0.702523068456961 0.0972526757179974 -0.273028770522985 -0.948492625141096 0.160676780357842 -0.96322204020286 0.106542173692369 -0.246682110667438
-2.71735886713214e-13 1.00000000000584 -1.13481316725776e-12 -0.946171374885627 -0.315216290158143 0.0734739359554275 -0.950352800444377 -0.230039159743268 -0.209550803333782 0.952070513972907 0.223135183008912 -0.209218608207331 -0.952499050795386 -0.222322862116699 0.208130013989101 -0.702811786964079 -0.710408422601067 0.0370872578407087 -0.958948357096415 0.281643757781224 0.0330883910300871 0.0837610711802261 0.991344024071797 0.101099497520145
2.95110558260579e-12 -1.13481316725776e-12 1.00000000000073 -0.116061702973473 0.118516228836979 -0.986145822288857 -0.0688267485079631 0.812134461858028 -0.579396662698401 0.0630434993187911 -0.812452658841881 -0.579608654632252 -0.0633169889927979 0.813055931371762 0.578732243406596 0.0951437752886341 -0.0422043833289516 0.99456847438018 -0.076637706787503 -0.145046650345089 -0.986452294502454 0.255318198251672 0.0767189064071852 -0.963808500304623
-0.302141373482888 -0.946171374885627 -0.116061702973473 0.999999999997215 6.70465428088725e-12 1.15580905283084e-12 0.998874808261734 -0.0386120260845138 0.0275359555109882 -0.9985731304416 0.0459154738532232 0.0272666903250654 0.998579926915908 -0.0465804478905941 -0.0258532671407807 0.866942855367054 0.46480514132094 -0.179906270354296 0.998717476790282 0.0369299652338025 0.0346349420595351 0.182144238309366 -0.979076264500933 0.0907366778658253
0.941590458254182 -0.315216290158143 0.118516228836979 6.70465428088725e-12 1.00000000000552 -1.01188082992563e-11 0.00566763530703894 0.673652051248009 0.739026922199138 -0.0108077949618437 -0.673801483733603 0.738833372329843 0.0122518032943185 0.673075802071492 -0.739472012965751 -0.430992946219859 0.880419422995253 0.197754190631723 0.0361120456069187 -0.99906069094103 0.023951116182794 -0.903104188552325 -0.203076255558765 -0.378368681361602
0.148721204192308 0.0734739359554275 -0.986145822288857 1.15580905283084e-12 -1.01188082992563e-11 0.999999999995929 -0.0470849797139655 -0.738039311468313 0.673112902394344 0.0522962207855893 0.737484460692859 0.673336301923438 -0.0518461460834539 -0.738105159531922 -0.672690679710689 -0.250310139252105 0.0939032491740451 -0.963601065767999 -0.0354869230355028 0.0226696597197067 0.999112988997184 -0.388878259919465 0.0130269985719687 0.921197045275988
-0.303467350071829 -0.950352800444377 -0.0688267485079631 0.998874808261734 0.00566763530703894 -0.0470849797139655 1.00000000000813 3.57670404313057e-12 -3.98399270380937e-12 -0.999973165353666 0.00732050819457918 -0.000280577946979673 0.999966946532334 -0.00795962131500191 0.00165839206802935 0.875310515428514 0.464850610035277 -0.133211906040326 0.999469299097105 0.0301586998360533 -0.0123114975227524 0.195131150920716 -0.979738954104041 0.0451155818211755
0.536208539080405 -0.230039159743268 0.812134461858028 -0.0386120260845138 0.673652051248009 -0.738039311468313 3.57670404313057e-12 0.999999999999194 1.68972584690146e-13 -0.00732042826146111 -0.999973164713872 -0.000284866024950451 0.00796075218934024 0.999968083910224 -0.000676425255102748 -0.13907497961348 0.505844992645337 0.851339528882434 0.0119551925717224 -0.691176324597239 -0.722587269226154 -0.328403503986846 -0.108613054904895 -0.938271998324528
0.787647108335093 -0.209550803333782 -0.579396662698401 0.0275359555109882 0.739026922199138 0.673112902394344 -3.98399270380937e-12 1.68972584690146e-13 0.999999999994469 -0.00028265577850408 -0.000282804435436214 0.999999920035656 0.00165295504554271 -0.000689604940788241 -0.999998396064933 -0.463130274982063 0.726659998715529 -0.507420530346674 0.030301708161498 -0.722056605197136 0.69117006976145 -0.924161767475998 -0.168269979753636 0.342943495921635
0.299311297483445 0.952070513972907 0.0630434993187911 -0.9985731304416 -0.0108077949618437 0.0522962207855893 -0.999973165353666 -0.00732042826146111 -0.00028265577850408 0.999999999997627 -3.53341173734698e-12 -9.8127322128201e-13 -0.999998856104621 0.000639408023442317 -0.00137074051459286 -0.87413803192606 -0.468746532564883 0.12711958674833 -0.999538560779206 -0.0248940903659021 0.0174054521963015 -0.19246064068836 0.98055531971689 -0.0383427532692279
-0.538638435098345 0.223135183008912 -0.812452658841881 0.0459154738532232 -0.673801483733603 0.737484460692859 0.00732050819457918 -0.999973164713872 -0.000282804435436214 -3.53341173734698e-12 0.999999999996673 -2.79925599418291e-12 -0.00064073979225843 -0.999999322952023 0.000971351355207525 0.145609940599197 -0.502633978126483 -0.852148361029608 -0.00464681800952052 0.691582754515435 0.722282286024939 0.330084507426506 0.101485540695894 0.938480102589155
0.787579444021413 -0.209218608207331 -0.579608654632252 0.0272666903250654 0.738833372329843 0.673336301923438 -0.000280577946979673 -0.000284866024950451 0.999999920035656 -9.8127322128201e-13 -2.79925599418291e-12 0.999999999992323 0.00137011849558847 -0.000972228526932082 -0.999998588745647 -0.463336213049049 0.726385415749703 -0.507625631173315 0.0300178710688839 -0.721868116691418 0.691379309411881 -0.924122892102031 -0.167964132993199 0.343198091885377
-0.297886750860145 -0.952499050795386 -0.0633169889927979 0.998579926915908 0.0122518032943185 -0.0518461460834539 0.999966946532334 0.00796075218934024 0.00165295504554271 -0.999998856104621 -0.00064073979225843 0.00137011849558847 1.00000000000023 6.37610499837763e-13 1.09226857332887e-12 0.873408908411548 0.470063288058839 -0.127268943238897 0.99958152286343 0.0234618924376054 -0.01692095571132 0.190982764388207 -0.980849354665465 0.0382116099155514
0.538063745259379 -0.222322862116699 0.813055931371762 -0.0465804478905941 0.673075802071492 -0.738105159531922 -0.00795962131500191 0.999968083910224 -0.000689604940788241 0.000639408023442317 -0.999999322952023 -0.000972228526932082 6.37610499837763e-13 1.00000000000044 -1.63690869156929e-12 -0.145718304200049 0.501627704906741 0.852722593498904 0.00397851766015966 -0.690896382991916 -0.722942846517242 -0.32930888618338 -0.100695197526271 -0.938837650846686
-0.788511817865971 0.208130013989101 0.578732243406596 -0.0258532671407807 -0.739472012965751 -0.672690679710689 0.00165839206802935 -0.000676425255102748 -0.999998396064933 -0.00137074051459286 0.000971351355207525 -0.999998588745647 1.09226857332887e-12 -1.63690869156929e-12 0.99999999999387 0.464675214006657 -0.726230094986629 0.506622931367226 -0.0286522344002981 0.722572991153877 -0.690700602200691 0.924706029582518 0.166718387170979 -0.342233455673062
-0.704984576135273 -0.702811786964079 0.0951437752886341 0.866942855367054 -0.430992946219859 -0.250310139252105 0.875310515428514 -0.13907497961348 -0.463130274982063 -0.87413803192606 0.145609940599197 -0.463336213049049 0.873408908411548 -0.145718304200049 0.464675214006657 0.999999999998299 -5.58370745771528e-12 -6.09637056399109e-12 0.859149680759223 0.456929834481027 -0.230384357978321 0.644480352425348 -0.764539528510898 0.0111527866473859
0.702523068456961 -0.710408422601067 -0.0422043833289516 0.46480514132094 0.880419422995253 0.0939032491740451 0.464850610035277 0.505844992645337 0.726659998715529 -0.468746532564883 -0.502633978126483 0.726385415749703 0.470063288058839 0.501627704906741 -0.726230094986629 -5.58370745771528e-12 0.999999999997646 -2.48704180684588e-12 0.49267042691499 -0.860298444642221 0.131005482997187 -0.74696582230813 -0.632648683730823 -0.204444866054729
0.0972526757179974 0.0370872578407087 0.99456847438018 -0.179906270354296 0.197754190631723 -0.963601065767999 -0.133211906040326 0.851339528882434 -0.507420530346674 0.12711958674833 -0.852148361029608 -0.507625631173315 -0.127268943238897 0.852722593498904 0.506622931367226 -6.09637056399109e-12 -2.48704180684588e-12 1.00000000000049 -0.138338991179784 -0.226056878891804 -0.964240950689586 0.163361977281778 0.123429948878472 -0.978814544259483
-0.273028770522985 -0.958948357096415 -0.076637706787503 0.998717476790282 0.0361120456069187 -0.0354869230355028 0.999469299097105 0.0119551925717224 0.030301708161498 -0.999538560779206 -0.00464681800952052 0.0300178710688839 0.99958152286343 0.00397851766015966 -0.0286522344002981 0.859149680759223 0.49267042691499 -0.138338991179784 0.999999999999766 -5.24837167961426e-13 -2.29916648767676e-12 0.163097787338901 -0.985616363569005 0.0442661902489897
-0.948492625141096 0.281643757781224 -0.145046650345089 0.0369299652338025 -0.99906069094103 0.0226696597197067 0.0301586998360533 -0.691176324597239 -0.722056605197136 -0.0248940903659021 0.691582754515435 -0.721868116691418 0.0234618924376054 -0.690896382991916 0.722572991153877 0.456929834481027 -0.860298444642221 -0.226056878891804 -5.24837167961426e-13 1.00000000000412 -5.21336407660675e-12 0.900166737180672 0.167023569400601 0.40224740213116
0.160676780357842 0.0330883910300871 -0.986452294502454 0.0346349420595351 0.023951116182794 0.999112988997184 -0.0123114975227524 -0.722587269226154 0.69117006976145 0.0174054521963015 0.722282286024939 0.691379309411881 -0.01692095571132 -0.722942846517242 -0.690700602200691 -0.230384357978321 0.131005482997187 -0.964240950689586 -2.29916648767676e-12 -5.21336407660675e-12 0.999999999994961 -0.403855118841511 -0.0257587092013654 0.914460240705837
-0.96322204020286 0.0837610711802261 0.255318198251672 0.182144238309366 -0.903104188552325 -0.388878259919465 0.195131150920716 -0.328403503986846 -0.924161767475998 -0.19246064068836 0.330084507426506 -0.924122892102031 0.190982764388207 -0.32930888618338 0.924706029582518 0.644480352425348 -0.74696582230813 0.163361977281778 0.163097787338901 0.900166737180672 -0.403855118841511 0.999999999994182 2.10064121097515e-12 8.9430360067255e-12
0.106542173692369 0.991344024071797 0.0767189064071852 -0.979076264500933 -0.203076255558765 0.0130269985719687 -0.979738954104041 -0.108613054904895 -0.168269979753636 0.98055531971689 0.101485540695894 -0.167964132993199 -0.980849354665465 -0.100695197526271 0.166718387170979 -0.764539528510898 -0.632648683730823 0.123429948878472 -0.985616363569005 0.167023569400601 -0.0257587092013654 2.10064121097515e-12 0.999999999992616 4.43695117975941e-12
-0.246682110667438 0.101099497520145 -0.963808500304623 0.0907366778658253 -0.378368681361602 0.921197045275988 0.0451155818211755 -0.938271998324528 0.342943495921635 -0.0383427532692279 0.938480102589155 0.343198091885377 0.0382116099155514 -0.938837650846686 -0.342233455673062 0.0111527866473859 -0.204444866054729 -0.978814544259483 0.0442661902489897 0.40224740213116 0.914460240705837 8.9430360067255e-12 4.43695117975941e-12 0.999999999998517
