3.0000    1.0000    1.4586
4.0000    1.0000    2.0635
24.0000    1.0000    2.4576
1.0000    2.0000    0.9804
3.0000    2.0000    2.1173
1.0000    3.0000    1.4586
2.0000    4.0000    2.2753
3.0000    4.0000    1.0801
6.0000    5.0000    1.0797
5.0000    7.0000    1.0805
6.0000    7.0000    1.7615
9.0000    7.0000    2.1013
5.0000    9.0000    1.4988
6.0000    9.0000    2.1002
14.0000   16.0000    4.4039
22.0000   16.0000    4.9865
14.0000   17.0000    4.0928
16.0000   17.0000    2.1379
22.0000   17.0000    3.3938
14.0000   22.0000    2.8513
3.0000   24.0000    1.5247
4.0000   24.0000    2.1339
28.0000   24.0000    2.4349
30.0000   26.0000    2.4528
3.0000   28.0000    3.8037
26.0000   28.0000    1.4581
30.0000   28.0000    1.5315
33.0000   28.0000    1.9542
40.0000   28.0000    1.5250
41.0000   28.0000    2.4007
28.0000   30.0000    1.5315
33.0000   30.0000    0.6253
28.0000   34.0000    2.5333
30.0000   34.0000    1.5165
33.0000   34.0000    1.9307
35.0000   34.0000    1.2311
34.0000   36.0000    1.3280
35.0000   36.0000    2.2459
38.0000   36.0000    0.9800
34.0000   38.0000    1.9879
35.0000   38.0000    2.4610
26.0000   40.0000    2.4617
30.0000   40.0000    2.5018
41.0000   40.0000    1.2310