-0.1742 1.623 1.9503
-0.7322 2.4243 2.0215
0.15 1.1206 0.6194
-0.3349 1.8833 -0.0912
1.5858 1.2609 0.281
1.7458 1.3626 -0.7871
1.9376 2.2539 0.7071
1.7801 1.8038 -0.0205
2.7075 0.3245 0.7596
3.3545 0.5018 1.9718
3.7431 -0.1632 -0.1285
3.7668 -0.4686 -1.4936
4.8672 -0.4829 0.6571
4.5996 -0.0828 1.9392
2.9107 0.9861 2.8308
2.8666 -0.3627 -2.0956
4.8936 -1.0687 -2.0226
6.008 -1.0749 0.1194
5.2281 -0.1238 2.692
4.9066 -1.3649 -3.0619
6.0092 -1.3489 -1.2219
6.8865 -1.2718 0.7172
6.8688 -1.8152 -1.6782
-0.6664 -0.1442 0.3136
-0.6137 -1.1033 1.1199
-1.8915 0.1515 -0.2233
-1.882 0.9522 -0.819
-3.074 -0.6756 -0.1253
-2.9329 -1.5415 -0.772
-4.3426 0.0491 -0.599
-4.2436 0.2934 -1.6473
-4.4662 0.9591 -0.0318
-4.3538 0.6256 -0.8398
-5.6109 -0.7773 -0.4336
-5.5437 -2.0067 -0.3035
-6.7554 -0.1721 -0.7536
-6.7295 0.7845 -0.964
-7.5815 -0.6992 -0.7365
-7.1558 0.0448 -0.8357
-3.295 -1.1879 1.2994
-4.4362 -1.4691 1.6863