2.0000    1.0000    0.9804
3.0000    1.0000    1.4586
1.0000    3.0000    1.4586
2.0000    3.0000    2.1173
5.0000    3.0000    1.5295
2.0000    4.0000    2.2753
1.0000    5.0000    2.4524
3.0000    6.0000    2.1419
3.0000    7.0000    2.1413
6.0000    7.0000    1.7615
3.0000    8.0000    1.9524
6.0000    8.0000    0.8800
7.0000    8.0000    0.8815
10.0000   11.0000    2.2397
10.0000   16.0000    4.1935
11.0000   16.0000    2.1634
19.0000   16.0000    5.3463
10.0000   19.0000    2.1005
11.0000   19.0000    3.1890
1.0000   24.0000    2.4576
3.0000   24.0000    1.5247
5.0000   24.0000    2.5014
28.0000   26.0000    1.4581
29.0000   26.0000    2.0640
40.0000   26.0000    2.4617
3.0000   28.0000    3.8037
24.0000   28.0000    2.4349
29.0000   28.0000    1.0809
40.0000   28.0000    1.5250
40.0000   29.0000    2.1348
36.0000   30.0000    2.4202
38.0000   30.0000    3.3191
39.0000   30.0000    2.8154
33.0000   31.0000    0.8801
34.0000   31.0000    2.1213
31.0000   32.0000    1.7612
33.0000   32.0000    0.8811
34.0000   32.0000    2.1220
34.0000   33.0000    1.9307
39.0000   36.0000    0.4628
36.0000   38.0000    0.9800
39.0000   38.0000    0.8639
28.0000   42.0000    2.4252
44.0000   42.0000    1.4580
46.0000   42.0000    2.4536
28.0000   44.0000    3.8040
42.0000   44.0000    1.4580
44.0000   46.0000    1.5316
47.0000   46.0000    1.0801
50.0000   46.0000    1.5194
51.0000   46.0000    2.1284
53.0000   46.0000    1.9375
44.0000   47.0000    2.1407
44.0000   48.0000    2.1386
46.0000   48.0000    1.0800
47.0000   48.0000    1.7580
55.0000   50.0000    2.3783
56.0000   50.0000    2.3790
50.0000   51.0000    1.0797
53.0000   51.0000    0.8820
50.0000   53.0000    0.6241
50.0000   54.0000    1.5164
55.0000   54.0000    1.2490
56.0000   54.0000    1.2486
55.0000   56.0000    2.1978
42.0000   57.0000    2.4616
44.0000   57.0000    1.5250
46.0000   57.0000    2.5019
60.0000   58.0000    3.1202
62.0000   59.0000    2.0635
58.0000   61.0000    2.7734
60.0000   61.0000    2.1074
59.0000   63.0000    2.4525
62.0000   63.0000    2.1399
67.0000   63.0000    1.8081
68.0000   63.0000    2.5495
63.0000   64.0000    1.0801
65.0000   64.0000    1.7594
63.0000   65.0000    1.0798
63.0000   67.0000    1.8081
64.0000   67.0000    2.3708
65.0000   67.0000    2.3726
67.0000   68.0000    1.3243
59.0000   69.0000    2.4616
61.0000   69.0000    1.5250
62.0000   69.0000    2.1339
63.0000   69.0000    2.5018
73.0000   71.0000    1.4580
61.0000   72.0000    2.5459
69.0000   72.0000    2.0073
71.0000   75.0000    2.4528
73.0000   75.0000    1.5317
96.0000   75.0000    2.5016
73.0000   77.0000    2.1405
73.0000   78.0000    1.9519
77.0000   78.0000    0.8797
79.0000   78.0000    1.9313
73.0000   79.0000    2.5518
75.0000   79.0000    1.5189
77.0000   79.0000    2.1224
80.0000   79.0000    1.0799
81.0000   79.0000    1.0808
75.0000   80.0000    2.1307
75.0000   81.0000    2.1309
80.0000   81.0000    1.7652
79.0000   85.0000    2.1319
86.0000   85.0000    0.8822
87.0000   85.0000    2.1333
79.0000   86.0000    1.9401
87.0000   86.0000    1.9407
79.0000   87.0000    2.5132
88.0000   87.0000    1.0792
91.0000   87.0000    1.4892
92.0000   87.0000    2.0887
87.0000   90.0000    0.6232
88.0000   90.0000    0.8819
91.0000   90.0000    1.9113
88.0000   91.0000    2.1044
91.0000   92.0000    1.0402
87.0000   95.0000    1.8467
91.0000   95.0000    0.3576
92.0000   95.0000    0.9768
71.0000   96.0000    2.4616
73.0000   96.0000    1.5250
73.0000   97.0000    2.4007
100.0000   97.0000    2.7734
112.0000   98.0000    2.4616
73.0000  100.0000    3.8040
98.0000  100.0000    1.4580
112.0000  100.0000    1.5250
116.0000  100.0000    3.8040
98.0000  101.0000    2.0639
100.0000  101.0000    1.0809
112.0000  101.0000    2.1348
100.0000  102.0000    1.5315
100.0000  105.0000    1.9542
102.0000  105.0000    0.6253
106.0000  105.0000    1.9307
100.0000  106.0000    2.5333
102.0000  106.0000    1.5165
108.0000  106.0000    1.3280
110.0000  106.0000    1.9879
110.0000  108.0000    0.9800
106.0000  111.0000    1.7908
108.0000  111.0000    0.4628
110.0000  111.0000    0.8639
116.0000  112.0000    2.4348
117.0000  114.0000    2.0638
114.0000  116.0000    1.4580
117.0000  116.0000    1.0806
118.0000  116.0000    1.5309
119.0000  116.0000    2.1389
120.0000  116.0000    2.1386
132.0000  116.0000    1.5250
133.0000  116.0000    2.4007
120.0000  118.0000    1.0800
118.0000  119.0000    1.0797
120.0000  119.0000    1.7586
123.0000  122.0000    1.0799
124.0000  122.0000    1.0800
126.0000  122.0000    1.5160
131.0000  122.0000    2.8147
124.0000  123.0000    1.7629
126.0000  123.0000    2.1232
124.0000  126.0000    2.1243
122.0000  128.0000    2.4202
131.0000  128.0000    0.4626
122.0000  130.0000    3.3185
128.0000  130.0000    0.9791
131.0000  130.0000    0.8637
114.0000  132.0000    2.4616
117.0000  132.0000    2.1338
133.0000  132.0000    1.2310