0.0290    0.0560    0.0029   -0.0020
0.1010    0.1130    0.0028   -0.0020
0.1130    0.1330    0.0030   -0.0020
0.1330    0.1500    0.0029   -0.0020
0.1500    0.1670    0.0029   -0.0020
0.1670    0.1900    0.0029   -0.0020
0.1900    0.2170    0.0029   -0.0020
0.2170    0.2340    0.0031   -0.0020
0.2540    0.2650    0.0028   -0.0020
0.2650    0.2880    0.0029   -0.0020
0.2880    0.3070    0.0030   -0.0020
0.3070    0.3240    0.0030   -0.0020
0.3240    0.3460    0.0030   -0.0020
0.3460    0.3570    0.0029   -0.0020
0.3570    0.3750    0.0030   -0.0020
0.3750    0.3920    0.0030   -0.0020
0.3920    0.4150    0.0030   -0.0020
0.4150    0.4390    0.0029   -0.0020
0.4390    0.4560    0.0030   -0.0020
0.4560    0.4730    0.0030   -0.0020
0.4730    0.4910    0.0028   -0.0020
0.5180    0.5450    0.0033   -0.0020
0.5450    0.5620    0.0031   -0.0020
0.5620    0.5810    0.0035   -0.0020
0.5810    0.5980    0.0028   -0.0020
0.5980    0.6220    0.0029   -0.0020
0.6220    0.6420    0.0029   -0.0020
0.6420    0.6590    0.0030   -0.0020
0.6590    0.6820    0.0029   -0.0020
0.6820    0.7050    0.0029   -0.0020
0.7050    0.7210    0.0029   -0.0020
0.7210    0.7380    0.0029   -0.0020
0.7380    0.7600    0.0030   -0.0020
0.7600    0.7710    0.0029   -0.0020
0.7710    0.7830    0.0030   -0.0020
0.7830    0.8060    0.0030   -0.0020
0.8370    0.8560    0.0035   -0.0020
0.8560    0.8830    0.0028   -0.0020
0.8830    0.9100    0.0029   -0.0020
0.9100    0.9270    0.0029   -0.0020
0.9270    0.9440    0.0029   -0.0020
0.9440    0.9670    0.0029   -0.0020
0.9670    0.9750    0.0029   -0.0020
0.9750    0.9880    0.0029   -0.0020
0.9880    1.0170    0.0030   -0.0020
1.0170    1.0390    0.0029   -0.0020
1.0390    1.0500    0.0029   -0.0020
1.0500    1.0700    0.0029   -0.0020
1.0700    1.0940    0.0029   -0.0020
1.0940    1.1190    0.0029   -0.0020
1.1190    1.1340    0.0029   -0.0020
1.1340    1.1470    0.0029   -0.0020
1.1470    1.1700    0.0030   -0.0020
1.1700    1.1860    0.0030   -0.0020
1.2820    1.3050    0.0033   -0.0020
1.3050    1.3160    0.0030   -0.0020
1.3390    1.3510    0.0028   -0.0020
1.3510    1.3640    0.0030   -0.0020
1.3990    1.4240    0.0033   -0.0020
1.4550    1.4840    0.0029   -0.0020
1.4840    1.4960    0.0029   -0.0020
1.5210    1.5460    0.0031   -0.0020
0.1030    0.1150    0.0036   -0.0020
0.1150    0.1350    0.0027   -0.0020
0.1350    0.1520    0.0027   -0.0020
0.1520    0.1690    0.0027   -0.0020
0.1690    0.1920    0.0027   -0.0020
0.1920    0.2190    0.0027   -0.0020
0.2560    0.2670    0.0035   -0.0020
0.2670    0.2900    0.0027   -0.0020
0.2900    0.3090    0.0027   -0.0020
0.3090    0.3260    0.0027   -0.0020
0.3260    0.3480    0.0028   -0.0020
0.3480    0.3590    0.0027   -0.0020
0.3590    0.3770    0.0028   -0.0020
0.3770    0.3940    0.0027   -0.0020
0.3940    0.4170    0.0027   -0.0020
0.4170    0.4410    0.0027   -0.0020
0.4410    0.4580    0.0027   -0.0020
0.4580    0.4750    0.0027   -0.0020
0.5200    0.5470    0.0035   -0.0020
0.5470    0.5640    0.0034   -0.0020
0.5640    0.5830    0.0035   -0.0020
0.5830    0.6000    0.0034   -0.0020
0.6000    0.6240    0.0027   -0.0020
0.6240    0.6440    0.0027   -0.0020
0.6440    0.6610    0.0027   -0.0020
0.6610    0.6840    0.0027   -0.0020
0.6840    0.7070    0.0027   -0.0020
0.7070    0.7230    0.0027   -0.0020
0.7230    0.7400    0.0027   -0.0020
0.7400    0.7620    0.0027   -0.0020
0.7620    0.7730    0.0027   -0.0020
0.7730    0.7850    0.0027   -0.0020
0.7850    0.8080    0.0027   -0.0020
0.8580    0.8850    0.0035   -0.0020
0.8850    0.9120    0.0027   -0.0020
0.9120    0.9290    0.0027   -0.0020
0.9290    0.9460    0.0027   -0.0020
0.9690    0.9770    0.0027   -0.0020
0.9770    0.9900    0.0027   -0.0020
0.9900    1.0190    0.0027   -0.0020
1.0190    1.0410    0.0027   -0.0020
1.0410    1.0520    0.0027   -0.0020
1.0520    1.0720    0.0027   -0.0020
1.0960    1.1210    0.0027   -0.0020
1.1210    1.1360    0.0027   -0.0020
1.1360    1.1490    0.0027   -0.0020
1.1490    1.1720    0.0027   -0.0020
1.1720    1.1880    0.0027   -0.0020
1.2840    1.3070    0.0034   -0.0020
1.3070    1.3180    0.0031   -0.0020
1.4010    1.4260    0.0035   -0.0020
1.4570    1.4860    0.0027   -0.0020