0.0040    0.0590    0.0058         0
0.0100    0.0140    0.0052         0
0.0590    0.0140    0.0061         0
0.0140    0.0050    0.0059         0
0.0100    0.0220    0.0063         0
0.0220    0.0320    0.0060         0
1.4660    1.4740    0.0057         0
0.0220    0.0120    0.0046         0
0.0220    0.3840    0.0065         0
0.0220    0.0140    0.0046         0
0.0210    0.0860    0.0069         0
0.0210    0.3840    0.0058         0
0.0140    0.0210    0.0046         0
0.0210    0.0220    0.0040         0
0.0340    0.0320    0.0044         0
0.0590    0.0340    0.0047         0
0.0340    0.0370    0.0044         0
0.0340    0.0360    0.0045         0
0.0340    0.0410    0.0051         0
0.0370    0.0590    0.0056         0
0.0370    0.0730    0.0069         0
0.0360    0.0590    0.0056         0
0.0410    0.0590    0.0056         0
0.0590    0.0680    0.0048         0
0.0680    0.0860    0.0061         0
0.0590    0.0670    0.0050         0
0.0740    0.0670    0.0056         0
0.0670    0.0680    0.0038         0
0.1040    0.0840    0.0054         0
0.0840    0.1780    0.0055         0
0.0790    0.0830    0.0052         0
0.0830    0.0810    0.0053         0
0.0830    0.0840    0.0046         0
0.0830    0.1570    0.0059         0
0.1360    0.1060    0.0056         0
0.1160    0.1080    0.0054         0
0.1360    0.1080    0.0057         0
0.1080    0.1090    0.0044         0
0.1160    0.1180    0.0050         0
0.1180    0.1360    0.0053         0
0.1180    0.1700    0.0053         0
0.1180    0.1750    0.0047         0
0.1180    0.1740    0.0053         0
0.1210    0.1180    0.0045         0
0.3270    0.3140    0.0060         0
0.1250    0.1180    0.0044         0
0.1250    0.1790    0.0052         0
0.1250    0.8190    0.0056         0
1.3670    1.3770    0.0050         0
0.1240    0.1180    0.0043         0
0.1240    0.2110    0.0052         0
0.1240    0.8180    0.0060         0
0.1380    0.1440    0.0047         0
0.1380    0.1400    0.0045         0
0.1380    0.2010    0.0059         0
0.9130    0.9220    0.0050         0
0.1360    0.1450    0.0048         0
0.9300    0.9220    0.0058         0
0.1380    0.1450    0.0046         0
0.1450    0.1440    0.0032         0
0.1550    0.1700    0.0054         0
0.1530    0.1550    0.0047         0
0.1550    0.1630    0.0043         0
0.1550    0.1570    0.0046         0
0.1580    0.0810    0.0059         0
0.1580    0.0840    0.0059         0
0.1580    0.0830    0.0064         0
0.1040    0.1570    0.0055         0
0.1630    0.0810    0.0057         0
0.1720    0.1930    0.0055         0
0.1720    0.2370    0.0059         0
0.1720    0.1750    0.0050         0
0.1720    0.1780    0.0056         0
0.1720    0.1740    0.0048         0
0.1720    0.1800    0.0044         0
0.8170    0.8190    0.0042         0
0.1790    0.1930    0.0051         0
1.2940    1.4710    0.0049         0
0.1930    0.1950    0.0046         0
1.4600    1.4620    0.0045         0
0.1930    0.2020    0.0048         0
0.2020    0.2110    0.0050         0
0.2020    0.1240    0.0058         0
0.1930    0.2010    0.0055         0
0.2020    0.2010    0.0035         0
0.9130    0.8730    0.0053         0
1.4630    1.4710    0.0053         0
0.2200    0.2220    0.0049         0
0.2220    0.2250    0.0039         0
0.2220    0.2240    0.0044         0
0.2370    0.2250    0.0060         0
0.2250    0.1550    0.0061         0
0.2240    0.2370    0.0059         0
0.2290    0.2370    0.0056         0
0.2200    0.2290    0.0046         0
0.2200    0.2280    0.0046         0
0.2570    0.2390    0.0040         0
0.2200    0.2390    0.0057         0
0.2390    0.2460    0.0048         0
0.2570    0.2430    0.0051         0
0.3270    0.2430    0.0063         0
0.2430    0.2390    0.0049         0
0.2430    0.3390    0.0049         0
0.2370    0.2460    0.0048         0
0.2200    0.2460    0.0057         0
0.1720    0.2460    0.0054         0
0.2430    0.2460    0.0047         0
0.2570    0.2450    0.0053         0
0.2370    0.2450    0.0051         0
0.2390    0.2450    0.0047         0
0.1720    0.2450    0.0058         0
0.2430    0.2450    0.0047         0
0.2450    0.3410    0.0055         0
0.2590    0.2910    0.0057         0
0.2590    0.2570    0.0048         0
0.2590    0.2970    0.0062         0
0.2570    0.2600    0.0038         0
0.3100    0.2600    0.0045         0
0.2910    0.2700    0.0057         0
0.3490    0.2700    0.0060         0
0.2680    0.2700    0.0050         0
0.3270    0.2700    0.0057         0
0.3100    0.2700    0.0057         0
0.2700    0.3310    0.0052         0
0.2700    0.3390    0.0053         0
0.2700    0.2730    0.0053         0
0.2700    0.2960    0.0064         0
0.2700    0.2720    0.0049         0
0.2730    0.2760    0.0052         0
0.2730    0.2960    0.0067         0
0.2730    0.3410    0.0064         0
0.2730    0.2720    0.0050         0
0.2680    0.2720    0.0057         0
0.2720    0.2970    0.0070         0
0.2760    0.2700    0.0057         0
0.2720    0.2760    0.0049         0
0.2770    1.0810    0.0053         0
0.2770    0.9990    0.0045         0
0.2770    0.2760    0.0041         0
0.2720    0.2770    0.0041         0
0.2590    0.2780    0.0050         0
0.2780    1.0030    0.0055         0
0.2780    0.2950    0.0058         0
0.2780    0.2960    0.0050         0
0.2910    0.2930    0.0053         0
0.2930    0.3600    0.0063         0
0.2930    1.2770    0.0066         0
0.2930    1.0810    0.0047         0
0.2930    0.2950    0.0049         0
0.2930    0.2970    0.0044         0
0.2930    0.3320    0.0061         0
0.2950    1.0810    0.0059         0
0.2950    1.1420    0.0059         0
0.2950    0.2970    0.0042         0
0.3270    0.3120    0.0061         0
0.3100    0.3120    0.0054         0
0.3120    0.3150    0.0052         0
0.3140    0.3120    0.0048         0
1.0730    1.0580    0.0054         0
1.0530    1.0580    0.0046         0
0.3270    0.3150    0.0059         0
0.3100    0.3150    0.0052         0
1.0580    0.9930    0.0052         0
1.0530    1.0570    0.0047         0
0.3100    0.3140    0.0052         0
0.3270    0.3190    0.0061         0
0.3100    0.3190    0.0052         0
0.3190    0.3120    0.0055         0
0.3190    0.2960    0.0054         0
0.3490    0.3290    0.0059         0
0.3290    0.3780    0.0056         0
0.3270    0.3290    0.0052         0
0.3100    0.3290    0.0063         0
0.3290    0.3800    0.0068         0
0.3290    0.3860    0.0057         0
0.3290    0.3310    0.0053         0
0.3290    0.3390    0.0052         0
0.3270    0.3310    0.0053         0
0.3310    0.7550    0.0058         0
0.3320    1.0810    0.0065         0
0.3320    0.2700    0.0052         0
0.3290    0.3320    0.0042         0
0.3320    0.3840    0.0052         0
0.3310    0.3320    0.0040         0
0.3320    0.0220    0.0046         0
0.3270    0.3380    0.0055         0
0.3380    0.3290    0.0055         0
0.3380    0.3310    0.0059         0
0.3390    0.3380    0.0049         0
0.4180    0.3510    0.0061         0
0.3490    0.3510    0.0050         0
0.3510    1.0810    0.0065         0
0.3510    0.4000    0.0052         0
0.3510    0.4030    0.0055         0
0.3490    0.3520    0.0041         0
0.3600    0.3520    0.0043         0
0.3520    1.2770    0.0046         0
0.3520    1.2690    0.0046         0
0.3520    1.0810    0.0042         0
0.2930    0.3520    0.0045         0
0.3510    0.3520    0.0041         0
0.3520    0.2970    0.0046         0
0.3520    0.4050    0.0040         0
0.4180    0.3620    0.0063         0
0.3620    0.4250    0.0053         0
0.3620    0.3730    0.0055         0
0.3620    0.3640    0.0053         0
0.3620    0.2970    0.0063         0
0.3620    1.4440    0.0062         0
0.3600    0.3650    0.0052         0
0.3650    0.3120    0.0062         0
0.3640    0.3730    0.0063         0
0.3640    0.3120    0.0059         0
0.3780    0.3800    0.0050         0
0.3800    0.3870    0.0050         0
0.3800    0.3840    0.0042         0
0.3780    0.3840    0.0049         0
0.3840    0.3290    0.0058         0
0.3950    0.3870    0.0056         0
0.3780    0.3870    0.0048         0
0.3870    0.3290    0.0059         0
0.3970    0.3990    0.0050         0
0.3950    0.4040    0.0045         0
0.4180    0.4050    0.0056         0
0.4050    0.7330    0.0061         0
0.4420    0.4230    0.0062         0
0.4230    0.3620    0.0063         0
0.4230    0.4220    0.0047         0
0.4230    1.4400    0.0070         0
0.4230    1.4430    0.0060         0
0.4220    0.4200    0.0059         0
0.4220    1.4430    0.0064         0
0.4420    0.4440    0.0049         0
0.4590    0.4440    0.0057         0
0.4440    0.4480    0.0042         0
0.4440    0.5040    0.0063         0
0.4440    1.4440    0.0055         0
0.6450    0.6510    0.0046         0
0.4440    0.4520    0.0048         0
0.4760    0.4610    0.0052         0
0.4610    0.4630    0.0045         0
0.4760    0.4640    0.0049         0
0.4590    0.4630    0.0047         0
0.4760    0.4810    0.0052         0
0.5210    0.4810    0.0057         0
0.4810    0.4200    0.0063         0
0.4810    0.5710    0.0066         0
0.4940    0.4800    0.0061         0
0.4760    0.4800    0.0053         0
0.4800    0.4200    0.0069         0
0.4800    0.4780    0.0051         0
0.4800    0.5250    0.0062         0
0.4800    0.5710    0.0069         0
0.4960    1.5160    0.0066         0
0.4960    0.4940    0.0047         0
0.4760    0.4960    0.0058         0
0.4960    0.5210    0.0051         0
0.4960    1.5200    0.0061         0
0.4960    0.4800    0.0067         0
0.4960    0.4990    0.0052         0
0.4960    0.4980    0.0051         0
0.4960    0.5040    0.0050         0
0.4990    0.4940    0.0060         0
0.7530    0.3510    0.0052         0
0.4980    0.4990    0.0043         0
0.4980    0.5040    0.0049         0
0.5040    1.5160    0.0062         0
0.4940    0.5040    0.0052         0
0.4760    0.5040    0.0064         0
0.4990    0.5040    0.0046         0
0.5040    0.5070    0.0045         0
0.5060    0.4940    0.0062         0
0.5040    0.5060    0.0041         0
0.5210    0.5260    0.0056         0
0.5260    0.5600    0.0052         0
0.5260    0.5590    0.0049         0
0.5260    0.5390    0.0063         0
0.5230    0.5250    0.0052         0
0.5250    0.5710    0.0066         0
0.5210    0.5310    0.0054         0
0.5310    0.5600    0.0057         0
0.5310    0.5590    0.0056         0
0.5310    0.4810    0.0066         0
0.4800    0.5310    0.0059         0
0.5310    0.5390    0.0047         0
0.5310    0.5260    0.0045         0
0.5650    0.5500    0.0045         0
1.4020    0.5500    0.0065         0
0.5500    1.5200    0.0058         0
0.5500    1.5170    0.0056         0
0.5500    0.5230    0.0068         0
0.5500    0.5600    0.0053         0
0.5500    1.4300    0.0062         0
0.5500    0.5530    0.0049         0
0.5500    0.5560    0.0050         0
0.5500    0.5520    0.0053         0
0.5650    0.5530    0.0055         0
0.5530    1.3910    0.0052         0
0.5530    1.4300    0.0067         0
0.5650    0.5520    0.0057         0
0.5520    1.5170    0.0065         0
0.5520    0.5670    0.0070         0
0.5560    1.5130    0.0066         0
0.5930    0.6450    0.0058         0
0.5560    1.5170    0.0057         0
0.5930    0.5860    0.0052         0
0.5930    0.5890    0.0049         0
0.5570    1.3290    0.0059         0
0.5650    0.5560    0.0064         0
0.5560    0.5230    0.0060         0
0.5560    1.3280    0.0049         0
0.5600    0.5210    0.0061         0
0.5600    1.5170    0.0063         0
0.5600    0.5230    0.0049         0
0.5600    0.5590    0.0042         0
0.5570    0.5600    0.0049         0
0.5600    0.5350    0.0054         0
0.5210    0.5590    0.0063         0
0.5590    1.5170    0.0064         0
0.5590    0.5570    0.0048         0
0.5590    0.5350    0.0052         0
0.5590    1.3280    0.0067         0
0.5650    0.5670    0.0053         0
0.5670    0.5960    0.0046         0
0.5670    0.5950    0.0048         0
0.5670    0.5690    0.0046         0
0.5690    1.2770    0.0084         0
0.6010    0.5860    0.0050         0
1.4020    0.5860    0.0055         0
0.5860    0.5880    0.0050         0
0.6010    0.5890    0.0056         0
0.6250    0.5890    0.0060         0
0.6450    0.5890    0.0054         0
0.5860    0.5890    0.0050         0
0.5890    1.3890    0.0061         0
0.5890    0.5950    0.0059         0
0.5890    0.5880    0.0041         0
0.6450    0.6310    0.0049         0
0.5890    0.5920    0.0048         0
0.5920    1.3920    0.0050         0
0.5960    0.6530    0.0059         0
0.5960    0.5690    0.0050         0
0.5920    0.5960    0.0050         0
0.5960    1.3920    0.0049         0
0.5960    0.5950    0.0046         0
0.5950    0.5690    0.0051         0
0.5950    0.5920    0.0050         0
0.5950    0.5700    0.0052         0
1.4190    0.6030    0.0058         0
0.6010    0.6030    0.0052         0
0.6250    0.6030    0.0057         0
0.6030    0.6080    0.0051         0
0.6030    0.5860    0.0060         0
0.6030    0.6060    0.0049         0
0.6030    0.6050    0.0051         0
0.6030    0.6670    0.0056         0
0.3620    0.3520    0.0054         0
0.6250    0.6270    0.0047         0
0.6850    0.6270    0.0054         0
0.7080    0.6270    0.0059         0
0.6450    0.6270    0.0053         0
0.6270    0.6080    0.0061         0
0.6310    0.6270    0.0044         0
0.6270    0.6900    0.0051         0
0.6270    0.6890    0.0049         0
0.6270    0.6950    0.0048         0
0.6310    0.6470    0.0081         0
0.6310    0.7130    0.0065         0
0.6250    0.6340    0.0050         0
0.6340    0.6390    0.0049         0
0.6340    0.6270    0.0049         0
0.6340    0.6310    0.0042         0
0.6390    0.6330    0.0048         0
0.6270    0.6330    0.0048         0
0.6330    0.6050    0.0063         0
0.6330    0.6310    0.0040         0
0.6470    0.7130    0.0048         0
1.0530    1.0550    0.0047         0
0.6450    0.6640    0.0064         0
1.0550    1.1260    0.0048         0
1.0550    1.0570    0.0045         0
0.6640    0.5700    0.0051         0
0.6640    0.6710    0.0043         0
0.6620    0.6700    0.0056         0
0.6700    1.0810    0.0060         0
0.6700    0.6640    0.0060         0
0.6700    0.6710    0.0045         0
0.6700    0.7550    0.0054         0
0.7410    0.6870    0.0055         0
0.6850    0.6870    0.0050         0
0.7080    0.6870    0.0056         0
0.6870    1.0810    0.0060         0
0.6870    0.7430    0.0067         0
0.6870    0.6900    0.0048         0
0.6870    0.6890    0.0047         0
0.6870    0.6950    0.0043         0
0.7080    0.7100    0.0045         0
0.7100    0.7120    0.0045         0
0.7130    0.6510    0.0059         0
0.7260    0.7630    0.0063         0
0.7260    0.7410    0.0055         0
0.7260    0.7240    0.0047         0
0.7260    0.7740    0.0050         0
0.7300    0.4040    0.0051         0
0.7300    0.4050    0.0049         0
0.7330    0.6640    0.0048         0
0.7330    0.4040    0.0054         0
0.7630    0.7430    0.0057         0
0.7410    0.7430    0.0052         0
0.7860    0.7430    0.0053         0
0.7740    0.7430    0.0062         0
0.7430    0.7800    0.0064         0
0.7430    0.7910    0.0053         0
0.7430    0.7530    0.0049         0
0.7430    0.7900    0.0053         0
0.7430    0.7660    0.0062         0
0.7430    0.7960    0.0048         0
0.4050    0.7430    0.0047         0
0.7450    0.7530    0.0051         0
0.7450    0.7660    0.0058         0
0.7630    0.7460    0.0046         0
0.7450    0.7460    0.0040         0
0.7460    0.7550    0.0037         0
0.7530    0.7520    0.0048         0
0.7520    0.6870    0.0074         0
0.7430    0.7520    0.0057         0
0.7520    0.3520    0.0071         0
0.7520    0.4050    0.0053         0
0.7520    0.7550    0.0049         0
0.7630    0.7650    0.0048         0
0.7650    0.7410    0.0066         0
0.7650    0.8440    0.0066         0
0.7650    0.8140    0.0052         0
0.9130    0.7660    0.0060         0
0.8860    0.7660    0.0047         0
0.7630    0.7660    0.0038         0
0.7740    0.7660    0.0040         0
0.7660    0.8610    0.0047         0
0.7100    0.7660    0.0043         0
0.7650    0.7660    0.0039         0
0.7660    0.8880    0.0041         0
0.7660    0.9040    0.0051         0
0.7660    0.8910    0.0046         0
0.7760    0.7660    0.0060         0
0.7630    0.7800    0.0058         0
0.7800    0.7760    0.0041         0
0.7660    0.7800    0.0054         0
0.7800    0.7950    0.0056         0
0.7860    0.7880    0.0043         0
0.7880    0.7910    0.0046         0
0.7880    0.7940    0.0047         0
0.7880    0.7900    0.0044         0
0.7880    0.7960    0.0040         0
0.7860    0.7940    0.0049         0
0.8110    0.1740    0.0063         0
0.8320    0.8340    0.0045         0
0.8400    0.8340    0.0052         0
0.8340    0.8420    0.0059         0
0.8340    0.8350    0.0041         0
0.8340    0.8450    0.0063         0
0.8320    0.8350    0.0045         0
0.8400    0.8350    0.0052         0
0.8350    0.8420    0.0062         0
0.8350    0.8450    0.0062         0
0.8350    0.8460    0.0070         0
0.8440    0.9300    0.0054         0
0.8440    0.8420    0.0047         0
0.8860    0.8610    0.0042         0
0.8590    0.8610    0.0050         0
0.8610    0.8640    0.0047         0
0.8590    0.8640    0.0047         0
0.8640    0.8770    0.0064         0
0.8640    0.8730    0.0041         0
0.9130    0.8630    0.0055         0
0.8630    0.8860    0.0054         0
0.8630    0.8590    0.0049         0
0.8630    0.8610    0.0053         0
0.8630    0.9390    0.0061         0
0.8630    0.8640    0.0047         0
0.8460    0.8630    0.0067         0
0.8680    0.8590    0.0048         0
0.8680    0.9300    0.0063         0
0.8680    0.8420    0.0058         0
0.8680    0.8770    0.0050         0
0.8680    0.9390    0.0056         0
0.8670    0.9130    0.0062         0
0.8860    0.8670    0.0057         0
0.8670    0.9300    0.0062         0
0.8670    0.8420    0.0070         0
0.8670    0.8770    0.0048         0
0.8670    0.9390    0.0058         0
0.8670    0.8640    0.0049         0
0.9130    0.8880    0.0054         0
0.8860    0.8880    0.0048         0
0.9300    0.8880    0.0056         0
0.9470    0.8880    0.0057         0
0.8880    0.8610    0.0056         0
0.8880    0.9040    0.0061         0
0.8880    0.8910    0.0047         0
0.8880    1.0340    0.0059         0
0.8880    0.8460    0.0051         0
0.8860    0.8910    0.0048         0
0.9130    0.8960    0.0051         0
0.8880    0.8960    0.0052         0
0.8960    0.9390    0.0062         0
0.7080    0.9000    0.0051         0
0.9470    0.9150    0.0057         0
0.9150    0.9700    0.0057         0
0.9300    0.9320    0.0043         0
0.9700    0.9320    0.0052         0
0.9490    0.9470    0.0045         0
0.9780    0.9720    0.0050         0
0.9910    0.9720    0.0056         0
0.9700    0.9720    0.0043         0
0.9720    0.9820    0.0062         0
0.9720    1.0240    0.0061         0
0.9720    1.0320    0.0062         0
0.9780    0.9730    0.0054         0
0.9910    0.9730    0.0060         0
0.9700    0.9730    0.0043         0
0.9730    0.9800    0.0071         0
0.9720    0.9730    0.0038         0
0.9730    1.0240    0.0055         0
0.9730    1.0320    0.0057         0
0.9730    1.0340    0.0047         0
0.9910    0.9800    0.0051         0
0.9800    1.0450    0.0051         0
1.1370    1.1390    0.0048         0
0.9910    0.9930    0.0046         0
1.1390    1.1500    0.0055         0
1.0530    0.9930    0.0054         0
1.1390    1.1420    0.0049         0
1.1390    1.1410    0.0048         0
0.9930    0.9990    0.0046         0
1.1390    1.2010    0.0047         0
0.9950    0.9910    0.0048         0
0.9950    1.0200    0.0060         0
1.0970    1.0220    0.0060         0
1.0420    1.0220    0.0058         0
1.0730    1.0220    0.0055         0
1.0200    1.0220    0.0052         0
1.0220    1.0750    0.0058         0
1.0220    1.0780    0.0051         0
1.0220    1.0240    0.0052         0
1.0220    1.0320    0.0053         0
1.0220    1.0450    0.0066         0
1.0220    0.6950    0.0053         0
1.0220    0.2770    0.0056         0
1.0240    1.0440    0.0068         0
1.0240    1.0320    0.0054         0
1.0240    1.0450    0.0060         0
1.0240    0.6940    0.0058         0
1.0250    1.0440    0.0050         0
1.0250    1.0450    0.0052         0
1.0200    1.0320    0.0051         0
1.0320    1.0250    0.0049         0
1.0320    1.0310    0.0041         0
1.0240    1.0310    0.0051         0
1.0310    0.6940    0.0048         0
1.0970    1.0440    0.0054         0
1.0440    1.1020    0.0051         0
1.0450    1.0550    0.0050         0
1.3690    1.3730    0.0045         0
1.0620    1.1370    0.0063         0
1.0670    1.0620    0.0046         0
1.0620    1.0550    0.0054         0
1.0620    1.0450    0.0062         0
1.0670    1.0610    0.0044         0
1.0610    1.0550    0.0050         0
1.0610    1.0580    0.0043         0
1.0610    1.0570    0.0043         0
1.0610    1.1270    0.0065         0
1.0730    1.0750    0.0051         0
1.0750    1.0770    0.0052         0
1.0750    1.1410    0.0057         0
1.0770    0.2720    0.0071         0
1.0770    1.0970    0.0058         0
1.0770    1.0800    0.0052         0
1.0770    1.0250    0.0065         0
1.0770    0.9570    0.0063         0
1.0970    1.0990    0.0050         0
1.1500    1.0990    0.0060         0
1.1220    1.0990    0.0058         0
1.1730    1.0990    0.0063         0
1.0990    0.6090    0.0056         0
1.0990    1.1240    0.0065         0
1.0990    1.1020    0.0050         0
1.0990    1.1010    0.0049         0
1.0990    1.0250    0.0073         0
1.0990    1.1580    0.0062         0
1.0990    1.1540    0.0060         0
1.0970    1.1020    0.0050         0
1.1220    1.1020    0.0054         0
1.1020    1.1050    0.0065         0
1.1020    1.1010    0.0047         0
1.0970    1.1010    0.0050         0
1.1220    1.1010    0.0057         0
1.1010    1.1050    0.0062         0
1.1010    1.0450    0.0063         0
1.0250    1.1010    0.0065         0
1.1010    1.1600    0.0069         0
1.1370    1.1240    0.0057         0
1.1220    1.1240    0.0049         0
1.1730    1.1240    0.0058         0
1.0220    1.1050    0.0070         0
1.1240    1.1260    0.0054         0
1.1240    1.1780    0.0054         0
1.1240    1.1770    0.0056         0
1.1370    1.1260    0.0050         0
1.1220    1.1260    0.0049         0
1.1390    1.1270    0.0053         0
1.1500    1.1520    0.0050         0
1.1520    1.2680    0.0054         0
1.1730    1.1520    0.0056         0
1.1520    1.1420    0.0061         0
1.1520    0.2970    0.0051         0
1.1520    1.1550    0.0052         0
1.1520    1.1580    0.0055         0
1.1520    1.1540    0.0051         0
1.1730    1.1580    0.0067         0
1.1580    1.0810    0.0067         0
1.1580    0.2970    0.0060         0
1.1590    1.1550    0.0045         0
1.1600    1.1550    0.0044         0
1.1600    1.1540    0.0046         0
1.1730    1.1750    0.0048         0
1.1750    1.4230    0.0048         0
1.1750    1.1780    0.0049         0
1.1750    1.1770    0.0047         0
1.1890    1.1910    0.0050         0
1.1910    1.1770    0.0064         0
1.1910    1.1930    0.0045         0
1.1910    1.2000    0.0053         0
1.1910    1.2030    0.0053         0
1.1890    1.1930    0.0053         0
1.1930    1.1780    0.0079         0
1.1930    1.2010    0.0047         0
1.1930    1.1270    0.0062         0
1.1940    1.2000    0.0040         0
1.1940    1.1270    0.0040         0
1.2110    1.2130    0.0057         0
1.1750    1.1890    0.0055         0
1.2260    1.2240    0.0060         0
1.2320    1.2270    0.0065         0
1.2270    1.2240    0.0053         0
1.2270    1.2260    0.0054         0
1.2850    1.2630    0.0048         0
1.2610    1.2630    0.0056         0
1.4580    1.2630    0.0053         0
1.2630    1.2650    0.0053         0
1.2630    1.4620    0.0057         0
1.2630    1.2900    0.0060         0
1.2630    1.4400    0.0064         0
1.2630    1.1590    0.0059         0
1.2870    1.2900    0.0049         0
1.2900    1.2850    0.0053         0
1.2900    1.4270    0.0065         0
1.2900    1.5310    0.0067         0
1.2900    1.5320    0.0065         0
1.2900    1.4600    0.0058         0
1.2900    1.4670    0.0062         0
1.2900    1.2890    0.0044         0
1.2900    1.2940    0.0053         0
1.2890    1.4580    0.0057         0
1.2890    1.2630    0.0078         0
1.2890    1.2870    0.0055         0
1.2890    1.4670    0.0063         0
1.2890    1.2940    0.0050         0
1.2890    1.2950    0.0050         0
1.2930    1.2850    0.0069         0
1.2930    1.2870    0.0056         0
1.2950    1.5240    0.0057         0
1.3100    1.4270    0.0060         0
1.3190    1.3100    0.0047         0
1.3100    1.4160    0.0067         0
1.3100    1.4150    0.0070         0
1.3100    1.3270    0.0059         0
1.3100    1.3280    0.0061         0
1.4190    1.3110    0.0054         0
1.3110    1.3080    0.0040         0
1.3110    1.4160    0.0056         0
1.3110    1.4220    0.0049         0
1.3110    1.4040    0.0053         0
1.3110    1.3690    0.0060         0
1.3100    1.3110    0.0041         0
1.3210    1.3420    0.0055         0
1.3210    1.3190    0.0054         0
1.3210    1.3230    0.0056         0
1.3210    1.2930    0.0067         0
1.3190    1.3270    0.0051         0
1.3270    1.4040    0.0061         0
1.3210    1.3270    0.0050         0
1.3270    1.3110    0.0065         0
1.3280    1.3240    0.0046         0
1.4870    1.4890    0.0045         0
1.5240    1.4890    0.0060         0
1.3470    1.3440    0.0042         0
1.3460    1.3420    0.0057         0
1.3560    1.3540    0.0049         0
1.3560    1.3590    0.0045         0
1.3560    1.3580    0.0049         0
1.3590    1.3580    0.0040         0
1.3870    1.3770    0.0062         0
0.5860    1.3890    0.0050         0
1.3890    0.5880    0.0063         0
1.3670    1.3920    0.0056         0
0.5860    1.3920    0.0041         0
1.3920    1.3910    0.0040         0
1.3920    0.5880    0.0041         0
1.4040    1.4270    0.0046         0
1.3190    1.4040    0.0054         0
1.3100    1.4040    0.0051         0
1.4040    1.4080    0.0050         0
1.4080    1.2770    0.0063         0
1.4080    1.2680    0.0059         0
1.4080    0.6710    0.0057         0
1.4080    1.3110    0.0082         0
1.4580    1.4370    0.0049         0
1.4370    1.2630    0.0052         0
1.4350    1.4370    0.0057         0
1.4370    1.4600    0.0062         0
1.4370    1.4630    0.0062         0
1.4370    1.4440    0.0058         0
1.4370    1.4430    0.0063         0
1.4370    1.4390    0.0060         0
0.4420    1.4440    0.0047         0
1.4440    1.5190    0.0048         0
1.4440    0.3730    0.0056         0
1.4440    1.2630    0.0065         0
0.4230    1.4440    0.0047         0
0.4220    1.4440    0.0048         0
0.4520    1.4440    0.0051         0
1.4440    0.4480    0.0045         0
0.3600    1.4450    0.0060         0
1.4580    1.4450    0.0046         0
1.4450    1.2770    0.0048         0
1.4450    1.2680    0.0047         0
1.4450    1.2690    0.0050         0
1.4450    0.3730    0.0047         0
1.2630    1.4450    0.0051         0
1.4370    1.4450    0.0045         0
0.3620    1.4450    0.0048         0
0.4230    1.4450    0.0049         0
0.4220    1.4450    0.0050         0
1.4450    0.4520    0.0062         0
1.4450    0.4480    0.0059         0
1.4450    0.3520    0.0057         0
1.4450    1.4400    0.0052         0
1.4450    1.4390    0.0049         0
1.4580    1.4600    0.0051         0
1.4600    1.4630    0.0050         0
1.2890    1.4600    0.0054         0
1.4600    1.2940    0.0053         0
1.4630    1.4580    0.0047         0
1.4580    1.4620    0.0052         0
1.4620    1.4370    0.0069         0
1.4670    1.4600    0.0053         0
1.4600    1.4660    0.0053         0
1.4660    1.4700    0.0054         0
1.4870    1.4920    0.0054         0
1.4920    1.4990    0.0066         0
1.4920    1.4910    0.0044         0
1.4910    1.4870    0.0052         0
1.5240    1.5010    0.0059         0
1.4990    1.5010    0.0050         0
1.5030    1.5130    0.0061         0
1.5030    1.5170    0.0061         0
1.5030    1.5010    0.0052         0
1.5030    1.5040    0.0050         0
1.5240    1.5260    0.0048         0
1.5260    1.5290    0.0050         0
1.5290    1.5310    0.0046         0
1.5280    1.5290    0.0048         0
1.5280    1.2950    0.0062         0
0.4220    1.4400    0.0067         0
0.0150    0.0210    0.0041         0
0.0150    0.0140    0.0037         0
0.0150    0.0050    0.0048         0
0.0150    0.3950    0.0055         0
0.0100    0.0150    0.0049         0
0.0120    0.0210    0.0052         0
0.9950    1.0030    0.0060         0
0.8900    0.9040    0.0050         0
0.8900    0.8860    0.0049         0
0.1950    0.2010    0.0048         0
0.0320    0.0410    0.0047         0
1.0420    1.0440    0.0046         0
0.0610    0.0650    0.0043         0
0.0840    0.0810    0.0052         0
0.1160    0.1060    0.0043         0
0.1550    0.2290    0.0050         0
0.1240    0.1060    0.0061         0
0.1160    0.1240    0.0052         0
0.9130    0.9190    0.0047         0
0.1410    0.1530    0.0055         0
0.1400    0.1530    0.0055         0
0.1530    0.1440    0.0046         0
1.3670    1.3690    0.0045         0
0.1180    0.1790    0.0043         0
0.1700    0.1790    0.0048         0
0.1790    0.1780    0.0041         0
0.0830    0.1800    0.0047         0
0.1790    0.0830    0.0060         0
0.0840    0.1800    0.0046         0
1.3280    1.3910    0.0040         0
1.2870    1.2940    0.0042         0
0.0790    0.1800    0.0051         0
1.2940    1.3080    0.0040         0
0.2200    0.1950    0.0050         0
0.1970    0.2010    0.0045         0
0.1970    0.2110    0.0058         0
0.1970    0.2200    0.0055         0
0.5230    0.5350    0.0048         0
0.2450    0.2200    0.0058         0
1.3270    1.4270    0.0061         0
0.8880    0.8900    0.0049         0
0.8860    0.8730    0.0052         0
0.1250    0.1930    0.0066         0
0.9220    0.8960    0.0063         0
0.9210    0.8960    0.0057         0
0.9150    0.9220    0.0046         0
0.1580    0.1550    0.0047         0
0.1580    0.1630    0.0052         0
0.1040    0.1630    0.0057         0
0.2370    0.2220    0.0047         0
0.2450    0.2460    0.0038         0
0.2590    0.2720    0.0063         0
0.2600    0.2960    0.0039         0
0.2600    0.2430    0.0053         0
0.2600    0.3180    0.0044         0
0.3190    0.2600    0.0045         0
0.2590    0.2600    0.0038         0
0.3270    0.2600    0.0054         0
0.2910    0.2600    0.0046         0
1.0770    0.2730    0.0068         0
0.2720    1.0810    0.0068         0
0.2730    0.2770    0.0045         0
0.2770    0.9960    0.0046         0
0.2770    1.0030    0.0051         0
1.0770    0.2770    0.0046         0
0.2770    1.0750    0.0055         0
1.0200    0.2770    0.0060         0
1.0730    0.2770    0.0052         0
0.2770    0.2910    0.0053         0
0.9910    0.2770    0.0061         0
0.2780    0.2760    0.0039         0
0.2780    0.9990    0.0045         0
0.2780    1.0750    0.0063         0
0.2780    0.2680    0.0044         0
0.2910    0.2780    0.0053         0
0.3490    0.2930    0.0058         0
0.2950    1.1600    0.0065         0
0.2950    0.3490    0.0062         0
0.1160    0.1200    0.0047         0
0.2290    0.2240    0.0041         0
0.3320    0.3510    0.0050         0
0.3320    0.3270    0.0048         0
0.3780    0.3320    0.0058         0
0.3490    0.3320    0.0047         0
0.3520    0.3640    0.0055         0
1.0450    1.0440    0.0037         0
1.0530    1.0450    0.0041         0
0.6030    1.1600    0.0062         0
0.3650    0.3620    0.0063         0
0.3600    0.3640    0.0052         0
0.4420    0.4480    0.0044         0
0.3860    0.3870    0.0040         0
0.3970    0.4590    0.0055         0
0.1780    0.0830    0.0063         0
0.4040    0.3970    0.0038         0
0.4050    0.4030    0.0041         0
0.4050    0.4000    0.0046         0
0.4050    0.3970    0.0050         0
0.3950    0.4050    0.0048         0
0.4230    0.4200    0.0059         0
0.6510    0.5670    0.0056         0
0.4590    0.4640    0.0047         0
0.3800    0.4420    0.0055         0
0.4810    0.4800    0.0045         0
0.4810    0.4780    0.0055         0
0.4960    1.5190    0.0052         0
0.7630    0.6870    0.0057         0
0.4980    0.4940    0.0059         0
0.5060    0.5120    0.0046         0
0.5600    1.3280    0.0064         0
0.5670    0.5500    0.0062         0
0.8640    0.9130    0.0055         0
0.6310    0.6050    0.0064         0
0.5930    0.6250    0.0059         0
0.5930    0.6010    0.0064         0
0.5930    0.5960    0.0050         0
0.5950    0.6530    0.0059         0
0.5960    0.5890    0.0060         0
0.5960    0.6450    0.0068         0
0.7120    0.6510    0.0058         0
0.7120    0.7130    0.0041         0
0.6470    0.7120    0.0051         0
0.7100    0.7130    0.0050         0
0.7190    0.7130    0.0053         0
0.7190    0.7120    0.0053         0
0.7180    0.7130    0.0054         0
0.7180    0.7120    0.0052         0
0.7080    0.7130    0.0047         0
0.7080    0.7120    0.0048         0
0.9300    0.9150    0.0052         0
0.7430    0.7240    0.0067         0
0.7430    0.7460    0.0043         0
0.8440    0.8460    0.0039         0
0.7650    0.8460    0.0042         0
0.8460    0.7760    0.0051         0
0.8460    0.8610    0.0057         0
0.8460    0.7660    0.0040         0
0.7660    0.8190    0.0040         0
0.8110    0.8180    0.0041         0
0.8110    0.8130    0.0047         0
0.8170    0.8110    0.0046         0
0.8670    0.8590    0.0048         0
0.8680    0.9130    0.0067         0
0.8880    0.9390    0.0062         0
0.8910    0.9040    0.0050         0
0.9000    0.6950    0.0043         0
0.9190    0.9150    0.0041         0
0.9730    0.6950    0.0060         0
0.9720    0.6950    0.0063         0
0.9780    0.9800    0.0052         0
0.9910    1.0220    0.0067         0
0.9910    1.0240    0.0064         0
1.0250    0.6950    0.0039         0
1.0240    1.0250    0.0040         0
1.0250    1.1020    0.0056         0
1.0220    1.0250    0.0043         0
1.0250    1.1050    0.0051         0
1.0250    0.6090    0.0046         0
1.0250    0.6170    0.0043         0
1.0420    1.0250    0.0047         0
1.0970    1.0250    0.0053         0
1.0250    1.0310    0.0048         0
1.0220    1.0310    0.0054         0
1.0200    1.0310    0.0053         0
1.1020    1.0450    0.0052         0
1.1010    1.0440    0.0056         0
1.0420    1.0450    0.0038         0
1.0620    1.1270    0.0062         0
1.0620    1.1260    0.0057         0
1.0990    1.0440    0.0069         0
1.1240    1.1270    0.0041         0
1.1270    1.0550    0.0047         0
1.1260    1.1270    0.0039         0
1.0680    1.1270    0.0047         0
1.1890    1.1270    0.0054         0
1.0670    1.1270    0.0048         0
1.1370    1.1270    0.0046         0
1.1590    1.1540    0.0044         0
1.1590    1.1580    0.0041         0
1.1590    0.2960    0.0042         0
0.3520    1.1590    0.0046         0
1.1520    1.1590    0.0041         0
1.1590    1.2660    0.0052         0
0.2930    1.1590    0.0052         0
1.1590    0.6080    0.0052         0
1.1590    1.2690    0.0047         0
1.1590    1.2680    0.0047         0
1.1590    1.4160    0.0052         0
1.1590    1.2770    0.0051         0
1.1600    1.1580    0.0043         0
1.1600    0.2970    0.0049         0
0.3520    1.1600    0.0049         0
1.1520    1.1600    0.0047         0
1.0990    1.1600    0.0046         0
0.2930    1.1600    0.0060         0
1.1600    0.6090    0.0044         0
1.1600    0.6080    0.0046         0
1.1500    1.1600    0.0050         0
1.1930    1.1940    0.0037         0
1.1940    1.1770    0.0051         0
1.1940    1.1780    0.0052         0
1.1910    1.1940    0.0039         0
1.1890    1.1940    0.0044         0
1.1890    1.2000    0.0049         0
1.2000    1.2110    0.0058         0
1.2900    1.2950    0.0042         0
1.5290    1.2950    0.0052         0
1.4600    1.2950    0.0047         0
1.2950    1.5320    0.0048         0
1.4580    1.2950    0.0051         0
1.3100    1.3290    0.0063         0
1.3110    1.3560    0.0058         0
1.2850    1.3110    0.0063         0
1.4660    1.4710    0.0053         0
0.0100    0.0210    0.0061         0
1.3280    1.3270    0.0040         0
0.5520    1.3280    0.0044         0
0.5570    1.3280    0.0042         0
0.5530    1.3280    0.0043         0
1.4040    1.3280    0.0051         0
1.3280    1.3890    0.0054         0
0.5500    1.3280    0.0051         0
1.3870    1.3280    0.0053         0
1.3280    1.4270    0.0048         0
1.3290    1.3280    0.0034         0
1.3290    1.2930    0.0043         0
1.3270    1.3290    0.0039         0
0.5560    1.3290    0.0049         0
0.5530    1.3290    0.0049         0
1.3210    1.3290    0.0042         0
1.3290    1.5170    0.0048         0
1.3190    1.3290    0.0049         0
1.3290    1.4270    0.0054         0
1.4990    1.4890    0.0052         0
1.3670    1.3590    0.0063         0
1.3890    1.3910    0.0053         0
0.6010    1.3920    0.0052         0
1.3870    1.3920    0.0046         0
0.5890    1.3920    0.0047         0
1.3890    1.3920    0.0044         0
1.4040    1.2890    0.0064         0
1.4430    1.5190    0.0067         0
1.4440    1.4390    0.0046         0
1.4450    1.4440    0.0040         0
1.4430    1.4440    0.0040         0
1.4440    1.5120    0.0055         0
0.4180    1.4440    0.0053         0
1.4440    1.5160    0.0045         0
1.4430    1.4450    0.0043         0
1.2850    1.4450    0.0052         0
1.4620    1.4710    0.0057         0
1.4620    1.4700    0.0057         0
1.4630    1.4700    0.0058         0
1.4580    1.4660    0.0056         0
1.4670    1.4580    0.0090         0
0.7740    0.7800    0.0041         0
1.5280    1.5260    0.0052         0
0.1080    0.1060    0.0045         0
0.2430    0.1720    0.0050         0
1.4910    1.4990    0.0068         0
0.5700    0.5690    0.0040         0
0.5700    0.6620    0.0049         0
0.5710    0.5690    0.0040         0
0.5710    0.6660    0.0047         0
0.5710    0.6670    0.0048         0
0.5710    0.6640    0.0046         0
0.5670    0.5710    0.0044         0
0.5500    0.5710    0.0049         0
0.5650    0.5710    0.0043         0
0.8450    0.8460    0.0035         0
0.8450    0.8130    0.0045         0
0.8450    0.8170    0.0046         0
0.8440    0.8450    0.0038         0
0.8420    0.8450    0.0040         0
0.8400    0.8450    0.0043         0
0.8460    0.8130    0.0043         0
0.7530    0.7460    0.0040         0
0.8420    0.8460    0.0045         0
0.3870    0.0240    0.0053         0
0.3800    0.0240    0.0060         0
0.3320    0.7550    0.0042         0
1.3920    1.3280    0.0042         0
0.1790    0.8110    0.0044         0
1.2940    1.2950    0.0037         0
1.3290    1.4040    0.0052         0
0.5500    1.3290    0.0058         0
1.1600    0.6060    0.0060         0
1.2950    1.4710    0.0055         0
0.3600    0.3120    0.0058         0
0.0040    0.0680    0.0057         0
0.0040    0.0670    0.0054         0
0.0040    0.0150    0.0054         0
0.0100    0.0120    0.0053         0
0.0120    0.0590    0.0055         0
0.0120    0.3320    0.0054         0
1.3420    1.3270    0.0061         0
0.0240    0.0320    0.0053         0
0.0240    0.3860    0.0044         0
0.3840    0.0240    0.0040         0
0.0220    0.0240    0.0039         0
0.0210    0.0240    0.0039         0
0.8900    0.9130    0.0053         0
0.0400    0.0500    0.0053         0
0.2110    0.8180    0.0052         0
0.5040    0.5120    0.0042         0
0.1980    0.2110    0.0044         0
0.8770    0.9190    0.0046         0
0.2600    0.3140    0.0047         0
0.0650    0.0740    0.0060         0
0.3950    0.3840    0.0049         0
0.1160    0.1210    0.0048         0
0.0680    0.0810    0.0057         0
0.5260    0.5230    0.0052         0
0.6050    0.6250    0.0056         0
0.6010    0.6050    0.0055         0
0.0790    0.0840    0.0049         0
0.1160    0.1090    0.0051         0
0.1040    0.1090    0.0055         0
0.1360    0.1090    0.0055         0
0.1090    0.1060    0.0046         0
0.1380    0.1410    0.0046         0
0.9150    0.9210    0.0043         0
0.7260    0.7330    0.0049         0
0.1380    0.1530    0.0048         0
0.1180    0.1930    0.0055         0
0.1360    0.1380    0.0046         0
0.9130    0.9150    0.0046         0
0.1040    0.1550    0.0064         0
0.1180    0.8190    0.0062         0
0.4630    0.4180    0.0058         0
1.0680    1.0550    0.0061         0
0.5700    0.6670    0.0054         0
0.7910    0.7900    0.0041         0
0.9520    0.9490    0.0054         0
0.1750    0.1930    0.0055         0
0.7860    0.7910    0.0045         0
0.6620    0.6670    0.0051         0
0.1930    0.1740    0.0056         0
0.7080    0.6890    0.0052         0
0.7080    0.6900    0.0052         0
0.9470    0.9510    0.0052         0
0.9510    0.9490    0.0053         0
0.9520    0.9510    0.0048         0
0.6890    0.6900    0.0041         0
0.6890    0.6950    0.0043         0
0.1750    0.1740    0.0046         0
0.6850    0.6670    0.0053         0
0.7940    0.7430    0.0065         0
0.1790    0.0840    0.0051         0
0.9000    1.0340    0.0047         0
0.7180    0.9040    0.0046         0
0.3320    0.3860    0.0057         0
0.9390    0.9470    0.0047         0
0.7240    0.7330    0.0049         0
0.7410    0.7330    0.0060         0
0.8090    0.8110    0.0046         0
0.0610    0.0590    0.0044         0
0.2600    0.3120    0.0056         0
0.3650    0.3730    0.0066         0
0.2950    0.3520    0.0053         0
1.0730    1.0570    0.0053         0
0.7080    0.7330    0.0059         0
0.0210    0.3320    0.0049         0
0.3270    0.3390    0.0051         0
0.9210    0.8730    0.0047         0
0.9220    0.8730    0.0048         0
0.3410    0.2680    0.0054         0
0.3270    0.3410    0.0045         0
1.1890    1.2030    0.0049         0
0.3410    0.2370    0.0057         0
1.2030    1.1390    0.0043         0
0.2700    0.3410    0.0046         0
0.2430    0.3410    0.0044         0
0.3410    0.3310    0.0042         0
1.1930    1.2030    0.0038         0
0.3390    0.3410    0.0040         0
0.3510    0.3100    0.0069         0
0.3270    0.3510    0.0064         0
0.2910    0.3520    0.0057         0
0.6030    0.6720    0.0051         0
0.3640    0.3650    0.0051         0
0.3950    0.3860    0.0056         0
0.3780    0.3860    0.0050         0
0.6670    0.6870    0.0063         0
0.6640    0.6670    0.0050         0
0.6670    1.0810    0.0067         0
0.6450    0.6670    0.0066         0
0.4180    0.3990    0.0057         0
0.3950    0.3990    0.0053         0
0.1780    0.0860    0.0062         0
0.3950    0.4030    0.0054         0
0.4050    0.3840    0.0053         0
0.3950    0.4220    0.0069         0
0.1360    0.1440    0.0046         0
0.4940    0.4810    0.0061         0
0.6870    0.7450    0.0051         0
0.6870    0.7530    0.0060         0
0.5070    0.4960    0.0049         0
0.5230    0.5590    0.0039         0
0.5310    0.5250    0.0043         0
0.5260    0.5250    0.0035         0
0.8880    0.9000    0.0050         0
0.1970    0.1360    0.0063         0
0.5530    1.4020    0.0066         0
0.5500    0.5590    0.0068         0
0.5700    0.6450    0.0052         0
0.5960    0.5860    0.0060         0
0.6010    0.5880    0.0065         0
0.5650    0.5950    0.0072         0
0.6010    0.6060    0.0056         0
0.6050    0.6080    0.0055         0
0.6060    0.6080    0.0055         0
0.5860    0.6060    0.0067         0
0.6050    0.6060    0.0051         0
0.6340    0.6080    0.0061         0
0.3950    0.3970    0.0050         0
0.6660    0.6640    0.0053         0
0.6660    0.6720    0.0046         0
0.6700    0.6450    0.0066         0
0.6890    0.9000    0.0050         0
0.6850    0.6900    0.0047         0
0.5650    1.3280    0.0054         0
0.7660    0.7120    0.0060         0
1.1020    0.6170    0.0053         0
0.7430    0.7260    0.0063         0
0.7450    0.7430    0.0052         0
0.8590    0.8460    0.0050         0
0.8400    0.8460    0.0040         0
0.7460    1.0810    0.0057         0
0.7530    0.7410    0.0054         0
0.3490    0.7550    0.0050         0
0.7410    0.7550    0.0046         0
0.7080    0.7550    0.0060         0
0.6850    0.7550    0.0060         0
0.7550    1.0800    0.0054         0
0.7550    1.0810    0.0044         0
0.6640    0.7550    0.0056         0
0.2930    0.7550    0.0056         0
0.3510    0.7550    0.0049         0
0.6870    0.7550    0.0046         0
0.7550    0.7300    0.0057         0
0.7530    0.7550    0.0041         0
0.7450    0.7550    0.0041         0
0.3520    0.7550    0.0040         0
0.7550    0.6900    0.0050         0
0.7550    0.6710    0.0038         0
1.4580    1.2900    0.0058         0
1.2900    1.4620    0.0054         0
0.8130    0.8090    0.0053         0
0.8140    0.8400    0.0066         0
0.8140    0.8090    0.0051         0
0.8130    0.7650    0.0066         0
0.8140    0.8110    0.0057         0
0.7460    0.3320    0.0035         0
0.8730    0.9390    0.0047         0
0.9040    0.9560    0.0046         0
0.8960    0.9150    0.0056         0
0.9520    0.9470    0.0051         0
0.9520    0.8880    0.0067         0
0.9520    0.9570    0.0046         0
0.9730    0.9820    0.0069         0
1.0200    0.9800    0.0053         0
0.9820    0.9800    0.0045         0
1.1420    1.0750    0.0061         0
0.9910    0.9820    0.0056         0
0.9780    0.9820    0.0054         0
0.9930    0.2770    0.0059         0
0.9960    0.9910    0.0056         0
1.4300    1.4270    0.0058         0
1.0040    0.9910    0.0056         0
1.0040    1.0200    0.0072         0
1.0040    1.0070    0.0054         0
1.0030    1.0070    0.0055         0
1.4300    1.2680    0.0067         0
1.4300    1.5170    0.0057         0
1.4300    1.4040    0.0068         0
1.0040    0.9930    0.0057         0
1.0040    0.9490    0.0057         0
1.0030    0.9490    0.0058         0
1.4350    1.4300    0.0054         0
1.4300    1.4290    0.0050         0
1.0030    1.0040    0.0036         0
1.0040    0.9960    0.0048         0
1.0040    1.0000    0.0046         0
1.0030    1.0000    0.0046         0
1.0030    0.9960    0.0048         0
1.0030    0.9990    0.0045         0
1.0040    0.9510    0.0071         0
1.0030    0.9510    0.0064         0
1.4300    1.3280    0.0056         0
1.0030    0.9570    0.0050         0
1.0250    0.6340    0.0064         0
1.0780    1.0250    0.0055         0
1.0420    1.0310    0.0069         0
1.0340    0.6940    0.0037         0
1.0340    0.8960    0.0045         0
1.0320    1.0340    0.0039         0
1.0240    1.0340    0.0040         0
1.0340    0.9040    0.0054         0
1.0780    1.0340    0.0062         0
0.9720    1.0340    0.0050         0
1.0340    0.6090    0.0058         0
1.0570    1.0450    0.0053         0
1.3870    1.3690    0.0054         0
1.0570    0.9930    0.0052         0
0.1360    0.1410    0.0045         0
0.6330    0.6940    0.0061         0
1.1010    0.6090    0.0066         0
1.1010    0.6170    0.0061         0
1.1260    1.1410    0.0061         0
1.1260    1.0970    0.0060         0
1.1270    1.1410    0.0054         0
1.1270    1.2010    0.0044         0
1.1410    0.2970    0.0051         0
1.1420    0.2970    0.0053         0
1.1410    0.2950    0.0054         0
1.1410    1.1420    0.0047         0
1.1500    1.1420    0.0052         0
1.1370    1.1420    0.0054         0
1.1370    1.1410    0.0053         0
1.1580    1.1540    0.0053         0
1.1730    1.1540    0.0060         0
1.1500    1.1540    0.0054         0
1.1500    1.1550    0.0051         0
1.1730    1.1550    0.0055         0
1.0990    1.1550    0.0057         0
1.1580    1.1550    0.0051         0
1.1540    1.1550    0.0047         0
1.1550    0.2970    0.0065         0
1.1580    1.4230    0.0067         0
1.1750    1.1540    0.0063         0
1.3110    1.1750    0.0063         0
1.2240    1.2130    0.0052         0
1.2030    1.2110    0.0049         0
1.4700    1.4580    0.0057         0
1.4700    1.4740    0.0050         0
1.2160    1.2680    0.0061         0
1.4710    1.4740    0.0050         0
1.4580    1.4710    0.0057         0
1.2240    1.2160    0.0067         0
1.2110    1.2150    0.0057         0
1.4710    1.2870    0.0061         0
1.4700    1.2870    0.0060         0
1.2150    1.2130    0.0070         0
1.4600    1.4700    0.0051         0
1.4600    1.4710    0.0053         0
1.2160    1.2130    0.0057         0
1.4700    1.4710    0.0037         0
1.4670    1.4700    0.0044         0
1.4670    1.4710    0.0045         0
1.4700    1.2900    0.0062         0
1.2900    1.4710    0.0061         0
1.2890    1.4710    0.0060         0
1.2890    1.4700    0.0061         0
1.4700    1.2950    0.0058         0
1.2320    1.2260    0.0063         0
0.2020    0.1970    0.0043         0
1.4040    1.4290    0.0063         0
1.2850    1.2660    0.0059         0
1.2610    1.2660    0.0058         0
1.2650    1.4160    0.0059         0
1.2650    1.2680    0.0055         0
1.2660    1.2630    0.0059         0
1.2650    1.4580    0.0064         0
1.2650    1.4370    0.0067         0
1.2650    1.2660    0.0050         0
1.4450    1.2660    0.0069         0
1.2650    1.1590    0.0061         0
1.2890    1.5320    0.0072         0
1.3110    1.2900    0.0067         0
1.3110    1.2890    0.0072         0
1.2930    1.3080    0.0062         0
1.2950    1.4270    0.0056         0
1.3100    1.3080    0.0053         0
1.3100    1.3210    0.0066         0
1.3110    1.1590    0.0060         0
1.3210    1.2950    0.0058         0
0.5520    1.3290    0.0053         0
1.3560    1.3730    0.0060         0
1.3730    1.3770    0.0042         0
1.1910    1.1780    0.0063         0
0.5650    1.3910    0.0057         0
1.4020    1.3910    0.0050         0
1.3910    1.3670    0.0066         0
1.3870    1.3910    0.0059         0
0.5860    1.3910    0.0056         0
1.3910    0.5520    0.0056         0
1.3910    1.3240    0.0069         0
1.3910    0.5500    0.0063         0
1.4080    1.1590    0.0062         0
1.4290    1.4270    0.0059         0
1.4290    1.2770    0.0067         0
1.4290    1.2680    0.0069         0
1.4290    1.5170    0.0058         0
1.4290    0.5500    0.0068         0
1.4290    0.5530    0.0067         0
1.4290    0.5560    0.0071         0
1.4300    0.5560    0.0072         0
1.4290    1.3280    0.0056         0
1.4300    1.2890    0.0070         0
1.4370    1.2850    0.0060         0
1.4390    1.5160    0.0068         0
1.4870    1.4390    0.0060         0
1.4350    1.4390    0.0062         0
1.4400    1.4430    0.0060         0
1.4400    1.4440    0.0052         0
1.4350    1.4400    0.0060         0
1.4400    1.4370    0.0060         0
1.4390    1.4430    0.0060         0
1.4450    1.2890    0.0056         0
1.4620    1.4740    0.0066         0
1.4620    1.4630    0.0047         0
1.4620    1.2890    0.0063         0
1.2940    1.4620    0.0063         0
1.4620    1.2950    0.0066         0
1.4670    1.4740    0.0051         0
1.3420    1.3440    0.0048         0
1.4910    1.4890    0.0045         0
1.5040    1.5010    0.0050         0
1.5040    1.5240    0.0063         0
1.5240    1.5030    0.0061         0
1.5030    1.5310    0.0065         0
1.5040    1.5310    0.0065         0
0.6250    0.6310    0.0045         0
0.4760    0.4630    0.0051         0
0.0650    0.0860    0.0063         0
0.2910    0.2950    0.0047         0
1.4190    1.1040    0.0058         0
1.0970    1.1040    0.0049         0
1.1040    1.0420    0.0060         0
1.1040    0.6170    0.0049         0
1.0440    1.1040    0.0052         0
1.0990    1.1040    0.0044         0
1.1020    1.1040    0.0044         0
1.1010    1.1040    0.0044         0
1.0450    1.1040    0.0050         0
1.0250    1.1040    0.0051         0
1.1040    1.1580    0.0063         0
0.2910    1.0810    0.0062         0
0.3490    1.0810    0.0065         0
1.0810    1.0770    0.0064         0
1.0810    1.1600    0.0049         0
1.0810    0.2960    0.0051         0
1.0810    0.6900    0.0060         0
0.6850    1.0810    0.0067         0
1.1050    1.0450    0.0060         0
1.0990    1.1050    0.0055         0
1.4190    1.1050    0.0051         0
0.0870    0.3290    0.0066         0
0.3860    0.0870    0.0050         0
0.0870    0.0140    0.0052         0
0.0240    0.0870    0.0046         0
0.0870    0.0040    0.0061         0
0.0120    0.0870    0.0045         0
0.0870    0.0320    0.0064         0
1.4230    1.1770    0.0065         0
1.3110    1.4230    0.0051         0
1.1550    1.4230    0.0066         0
1.1540    1.4230    0.0064         0
1.4230    1.4160    0.0059         0
1.4230    1.1780    0.0072         0
1.4230    1.1840    0.0061         0
1.4200    1.3080    0.0063         0
1.2850    1.4200    0.0066         0
1.3110    1.4200    0.0056         0
1.1540    1.4200    0.0062         0
1.4200    1.2870    0.0061         0
1.1750    1.4200    0.0057         0
1.2660    1.4200    0.0060         0
1.2650    1.4200    0.0060         0
1.1590    1.4200    0.0058         0
0.6090    0.6050    0.0058         0
0.6250    0.6090    0.0070         0
0.6010    0.6080    0.0065         0
0.6080    1.1580    0.0065         0
0.6090    0.6950    0.0055         0
0.6080    0.6950    0.0053         0
0.6080    1.0250    0.0056         0
1.5320    1.4600    0.0053         0
1.5320    1.4350    0.0055         0
0.6080    0.6170    0.0052         0
0.6090    0.6080    0.0041         0
1.0990    0.6080    0.0062         0
0.6080    1.1040    0.0062         0
1.4990    1.5120    0.0053         0
1.5120    1.4390    0.0065         0
1.5120    1.5160    0.0043         0
1.5010    1.5120    0.0044         0
1.5120    1.4920    0.0067         0
1.5040    1.5120    0.0060         0
1.5030    1.5120    0.0058         0
1.4230    1.4220    0.0040         0
1.4220    1.1770    0.0063         0
1.4190    1.4220    0.0046         0
1.4220    1.1040    0.0057         0
1.4220    1.1750    0.0057         0
1.4220    1.1840    0.0051         0
0.3600    1.2690    0.0058         0
1.2690    0.2960    0.0046         0
1.2690    1.2770    0.0046         0
1.2690    1.2680    0.0043         0
1.2690    0.3730    0.0060         0
1.2690    0.4220    0.0059         0
0.3640    1.2690    0.0055         0
0.3620    1.2690    0.0053         0
0.2910    1.0800    0.0053         0
1.0800    0.6940    0.0043         0
0.2770    1.0800    0.0046         0
0.2730    1.0800    0.0049         0
1.0810    1.0800    0.0039         0
1.1600    1.0800    0.0049         0
0.2930    1.0800    0.0049         0
1.0220    1.0800    0.0049         0
1.0750    1.0800    0.0044         0
0.1800    0.0860    0.0043         0
0.1570    0.0860    0.0045         0
0.0860    0.0810    0.0043         0
0.0120    0.0860    0.0041         0
0.1040    0.0860    0.0049         0
0.0100    0.0860    0.0060         0
0.1580    0.0860    0.0049         0
0.0830    0.0860    0.0043         0
0.0840    0.0860    0.0039         0
0.0590    0.0860    0.0050         0
1.2890    1.5310    0.0056         0
1.2950    1.5310    0.0045         0
1.5280    1.5310    0.0042         0
1.4600    1.5310    0.0048         0
1.5240    1.5310    0.0045         0
1.5260    1.5310    0.0045         0
0.6170    1.0450    0.0065         0
1.0220    0.6170    0.0058         0
1.0990    0.6170    0.0054         0
0.6170    1.0440    0.0064         0
1.0970    0.6170    0.0056         0
0.6170    1.1500    0.0069         0
1.1600    0.6170    0.0055         0
0.6090    0.6170    0.0043         0
1.0240    0.6170    0.0066         0
1.5200    0.5530    0.0063         0
0.5860    1.4150    0.0053         0
1.4020    1.4150    0.0053         0
0.5650    1.5200    0.0069         0
0.4940    1.5200    0.0065         0
1.4190    1.4150    0.0043         0
0.6010    1.4150    0.0051         0
0.6250    1.4150    0.0062         0
0.6060    1.4150    0.0052         0
1.4150    1.4080    0.0050         0
0.6030    1.4150    0.0051         0
1.5200    1.5170    0.0050         0
1.5200    1.5190    0.0048         0
1.4150    0.6720    0.0055         0
1.4440    1.5200    0.0058         0
1.4150    1.3110    0.0060         0
0.4420    1.5200    0.0066         0
1.5200    0.4200    0.0057         0
1.5200    0.5590    0.0057         0
1.5200    0.4230    0.0053         0
1.5200    0.5560    0.0060         0
1.5160    1.5200    0.0066         0
1.2680    1.1540    0.0064         0
1.4440    1.2680    0.0062         0
1.2660    1.2680    0.0047         0
1.2150    1.2680    0.0051         0
1.2680    0.3510    0.0072         0
1.2680    0.3620    0.0055         0
1.2680    0.3520    0.0058         0
1.2680    0.2960    0.0050         0
1.2680    0.2950    0.0064         0
1.4370    1.2680    0.0053         0
1.2320    1.2680    0.0055         0
1.2680    1.4270    0.0061         0
1.2630    1.2680    0.0049         0
1.4160    1.1550    0.0067         0
1.2660    1.4160    0.0054         0
1.4080    1.4160    0.0048         0
1.4160    1.3080    0.0062         0
1.4160    1.4270    0.0056         0
1.2850    1.4160    0.0056         0
1.4200    1.4160    0.0047         0
1.4160    1.2890    0.0065         0
1.4040    1.4160    0.0056         0
0.3520    0.4250    0.0061         0
0.3640    0.4250    0.0059         0
0.4250    0.4050    0.0056         0
1.2770    0.4000    0.0064         0
0.4180    1.2770    0.0059         0
1.2770    0.4050    0.0049         0
0.3620    1.2770    0.0055         0
0.3640    1.2770    0.0058         0
1.2770    0.4220    0.0057         0
1.5190    1.5170    0.0060         0
1.5120    1.5190    0.0068         0
1.5190    0.4420    0.0063         0
1.5190    0.4180    0.0065         0
0.4940    1.5190    0.0059         0
1.5190    0.4200    0.0058         0
0.4440    1.5190    0.0058         0
1.5190    1.4450    0.0060         0
0.5040    1.5190    0.0060         0
1.5190    0.4480    0.0063         0
0.4230    1.5190    0.0056         0
1.5190    1.5160    0.0051         0
1.5040    1.5130    0.0063         0
0.5570    1.5130    0.0071         0
1.5170    1.5130    0.0051         0
1.5130    1.4300    0.0066         0
1.5130    0.5590    0.0066         0
1.5320    1.5310    0.0035         0
0.6250    0.6890    0.0072         0
0.6250    0.6900    0.0071         0
0.6250    0.6670    0.0078         0
0.6250    0.6530    0.0067         0
0.6250    0.6060    0.0060         0
0.6250    0.5950    0.0069         0
0.6250    0.5860    0.0067         0
0.6250    1.1050    0.0080         0
0.6250    0.6450    0.0052         0
0.6250    0.6080    0.0062         0
0.6250    0.6850    0.0075         0
0.6250    0.6010    0.0056         0
0.6010    0.6450    0.0070         0
0.6010    1.3890    0.0065         0
0.6010    1.3910    0.0075         0
0.6010    0.6270    0.0072         0
0.6010    0.6330    0.0077         0
0.6010    1.3730    0.0071         0
0.6010    0.5690    0.0070         0
0.6010    0.6720    0.0074         0
1.4190    1.4160    0.0077         0
1.4190    0.6080    0.0058         0
1.4190    0.6090    0.0061         0
1.4190    1.1840    0.0085         0
1.4190    0.5860    0.0082         0
1.4190    1.4040    0.0079         0
1.4190    1.3890    0.0073         0
1.4190    0.6060    0.0056         0
1.4190    0.6050    0.0058         0
1.4190    1.3730    0.0073         0
1.4190    1.3770    0.0077         0
1.4190    0.6710    0.0072         0
1.4190    0.6010    0.0060         0
1.4190    1.3920    0.0075         0
0.7190    0.6390    0.0050         0
0.7180    0.6470    0.0057         0
0.7180    0.6530    0.0068         0
0.7180    0.6510    0.0066         0
0.7190    0.7240    0.0073         0
0.7180    0.7190    0.0038         0
0.7190    0.6470    0.0058         0
0.6400    0.6340    0.0053         0
0.6400    0.6330    0.0060         0
0.7190    0.6530    0.0074         0
0.7190    0.6510    0.0064         0
0.6400    0.8960    0.0078         0
0.6400    1.0250    0.0077         0
0.6400    0.6950    0.0058         0
0.4940    0.4760    0.0053         0
0.2910    0.3270    0.0063         0
0.2910    1.0750    0.0073         0
0.4940    0.4440    0.0075         0
0.2910    1.1420    0.0075         0
0.4940    0.5070    0.0059         0
0.2910    0.2730    0.0058         0
0.2910    0.2970    0.0046         0
0.2910    0.2720    0.0060         0
0.2910    1.1600    0.0074         0
0.9700    0.9780    0.0063         0
0.9700    0.9390    0.0063         0
0.9700    1.0320    0.0065         0
0.9700    0.9550    0.0063         0
0.9700    0.9510    0.0060         0
0.9700    1.0340    0.0054         0
0.9700    0.9570    0.0057         0
0.8320    0.8400    0.0049         0
0.8320    0.8590    0.0080         0
0.8320    0.8420    0.0080         0
0.8320    0.7760    0.0063         0
0.8320    0.8110    0.0057         0
0.8320    0.8440    0.0080         0
0.8320    0.1570    0.0072         0
0.8320    0.8140    0.0061         0
0.8320    0.8130    0.0064         0
0.8320    0.7660    0.0072         0
0.8320    0.1790    0.0071         0
0.8320    0.8190    0.0058         0
0.8320    0.8450    0.0064         0
1.5160    1.5130    0.0075         0
1.3870    1.4020    0.0068         0
1.3870    0.5860    0.0067         0
1.3870    1.3890    0.0061         0
1.3870    1.3560    0.0074         0
1.3870    1.3210    0.0077         0
1.3870    1.3730    0.0063         0
1.3870    1.3240    0.0069         0
1.3870    1.3230    0.0072         0
1.3870    1.3110    0.0077         0
1.3870    1.3290    0.0075         0
1.3670    1.3810    0.0074         0
1.3670    1.3560    0.0058         0
1.3670    1.3730    0.0055         0
1.3670    1.3110    0.0085         0
1.4870    1.5240    0.0066         0
1.4870    1.4990    0.0054         0
1.4870    1.5120    0.0083         0
1.4870    1.2630    0.0076         0
1.4870    1.4370    0.0065         0
1.4870    1.4670    0.0059         0
1.4870    1.4620    0.0060         0
1.4870    1.4400    0.0059         0
1.4870    1.4440    0.0062         0
1.4870    1.4450    0.0061         0
0.7740    0.7410    0.0062         0
0.7740    0.7240    0.0072         0
0.7740    0.7860    0.0045         0
0.7740    0.7760    0.0048         0
0.7740    0.7650    0.0059         0
0.7740    0.9040    0.0077         0
0.7740    0.7910    0.0062         0
0.7740    0.7450    0.0065         0
0.7740    0.7550    0.0079         0
0.8400    0.8590    0.0063         0
0.8400    0.7760    0.0066         0
0.8400    0.8110    0.0066         0
0.8400    0.7650    0.0057         0
0.8400    0.8440    0.0058         0
0.8400    0.8170    0.0059         0
0.8400    0.8130    0.0060         0
0.6390    0.6250    0.0072         0
0.6390    0.7130    0.0067         0
0.6390    0.6310    0.0063         0
1.3810    1.3560    0.0068         0
1.3810    1.3770    0.0050         0
0.0730    0.0860    0.0060         0
0.0730    0.0740    0.0034         0
0.0730    0.0680    0.0054         0
0.0730    0.0670    0.0051         0
0.0730    0.0650    0.0063         0
0.0730    0.0360    0.0074         0
1.1830    1.1750    0.0067         0
1.1830    1.1240    0.0066         0
1.1830    1.1780    0.0057         0
1.1830    1.0990    0.0077         0
1.1830    1.1770    0.0059         0
1.1830    1.1940    0.0078         0
1.1830    1.1550    0.0074         0
1.1830    1.1580    0.0079         0
1.3670    1.3820    0.0073         0
1.3820    1.3560    0.0074         0
1.3820    1.3690    0.0070         0
1.3820    1.3730    0.0069         0
1.3820    1.3770    0.0055         0
0.0740    0.0680    0.0059         0
1.3820    1.3870    0.0052         0
1.3820    1.3580    0.0083         0
0.4940    0.4200    0.0080         0
0.5210    0.4590    0.0072         0
0.5210    1.5190    0.0059         0
0.5210    0.5500    0.0083         0
0.5210    1.3290    0.0080         0
1.3810    1.3580    0.0077         0
1.3810    1.3690    0.0070         0
0.8090    0.7660    0.0061         0
1.1220    1.1370    0.0051         0
1.1220    1.0970    0.0053         0
1.1220    1.0750    0.0081         0
1.1220    1.0620    0.0068         0
1.1220    1.1270    0.0054         0
0.3780    0.0240    0.0057         0
1.1220    1.1600    0.0072         0
0.6850    0.7410    0.0075         0
0.6850    0.7240    0.0065         0
0.6850    0.7080    0.0051         0
0.6850    1.0800    0.0070         0
0.6850    0.6080    0.0073         0
0.6850    0.6640    0.0059         0
0.6850    0.7130    0.0066         0
0.6850    0.6330    0.0086         0
0.6850    0.6510    0.0063         0
0.6850    0.6660    0.0056         0
0.6850    0.6890    0.0048         0
0.6850    0.9000    0.0064         0
0.6850    0.6950    0.0051         0
0.9300    0.9130    0.0051         0
0.9300    0.8860    0.0067         0
0.9300    0.8590    0.0060         0
0.9300    0.9470    0.0047         0
0.9300    0.8610    0.0070         0
0.9300    0.8770    0.0070         0
0.9300    0.9390    0.0044         0
0.9300    0.9190    0.0053         0
0.9300    0.8630    0.0055         0
0.9300    0.8960    0.0061         0
0.9300    0.9570    0.0058         0
0.9300    0.8460    0.0061         0
0.4420    0.4180    0.0051         0
0.4420    0.3950    0.0057         0
0.4420    0.3780    0.0066         0
0.4420    0.4590    0.0050         0
0.4420    0.3970    0.0067         0
0.4420    0.4220    0.0056         0
0.4420    0.4520    0.0051         0
0.4420    0.4040    0.0070         0
0.4420    1.4450    0.0068         0
0.9910    1.0200    0.0048         0
0.9910    1.0000    0.0051         0
1.2610    1.4200    0.0078         0
1.2610    1.4630    0.0076         0
1.2610    1.1590    0.0077         0
1.0970    1.0200    0.0078         0
1.0970    1.0750    0.0065         0
1.0970    1.0550    0.0072         0
1.0970    1.0570    0.0075         0
1.0970    1.0450    0.0066         0
1.0970    1.1270    0.0080         0
1.0970    0.2770    0.0071         0
0.3490    0.2910    0.0074         0
0.3490    0.3600    0.0050         0
0.3490    0.3270    0.0052         0
0.3490    0.3620    0.0072         0
0.3490    0.3150    0.0073         0
0.3490    0.3310    0.0051         0
0.3490    0.3390    0.0058         0
0.3490    0.2960    0.0066         0
0.3490    1.2680    0.0079         0
0.1360    0.1250    0.0066         0
0.3600    1.0810    0.0078         0
0.4420    0.4200    0.0061         0
0.4420    0.4630    0.0065         0
0.4420    0.4000    0.0071         0
0.4420    0.3990    0.0078         0
1.2610    1.2320    0.0054         0
1.2610    1.4370    0.0072         0
1.2610    1.2650    0.0059         0
1.0970    1.0780    0.0056         0
0.3490    0.3780    0.0072         0
0.4180    0.4250    0.0061         0
0.4180    0.4590    0.0070         0
0.4180    0.3780    0.0070         0
0.4180    1.5200    0.0075         0
0.4180    0.4200    0.0055         0
0.4180    0.4440    0.0071         0
0.4180    0.3970    0.0062         0
0.4180    0.3650    0.0072         0
0.4180    0.4230    0.0057         0
0.4180    0.4220    0.0053         0
0.4180    0.4480    0.0064         0
0.4180    0.4520    0.0079         0
0.4180    0.3840    0.0071         0
0.4180    0.4000    0.0056         0
0.4180    0.4030    0.0063         0
0.4180    0.3520    0.0066         0
0.4180    0.4040    0.0061         0
0.4180    1.4430    0.0064         0
0.4180    1.4450    0.0064         0
1.2320    1.2240    0.0059         0
1.2320    1.2110    0.0079         0
1.2320    0.3730    0.0080         0
1.2320    1.2130    0.0068         0
1.2320    1.2650    0.0077         0
1.2320    1.2660    0.0076         0
1.2320    1.2160    0.0075         0
1.2320    1.2150    0.0074         0
1.2320    1.2370    0.0061         0
1.2320    0.2960    0.0079         0
1.2320    1.4450    0.0077         0
0.1040    0.1700    0.0068         0
0.1040    0.0790    0.0062         0
0.1040    0.0810    0.0045         0
0.1040    0.1060    0.0056         0
0.1040    0.1080    0.0055         0
0.1040    0.0830    0.0059         0
0.1040    0.1580    0.0057         0
0.1040    0.1780    0.0075         0
0.1040    0.1800    0.0072         0
0.1040    0.1160    0.0064         0
0.1160    0.1360    0.0050         0
0.0100    0.0040    0.0051         0
0.1160    0.1250    0.0058         0
0.1160    0.1780    0.0073         0
0.1160    0.1790    0.0065         0
0.8860    0.9470    0.0077         0
0.8860    0.9390    0.0068         0
0.8860    0.9220    0.0082         0
0.8860    0.8640    0.0054         0
0.8860    0.9570    0.0063         0
0.8860    0.8460    0.0070         0
0.9780    0.9910    0.0056         0
0.9780    0.9930    0.0077         0
0.9780    1.0320    0.0068         0
0.9780    1.0000    0.0080         0
0.9780    1.0240    0.0079         0
1.2850    1.4270    0.0057         0
1.1370    1.1730    0.0065         0
1.1370    1.1040    0.0081         0
1.1370    1.0810    0.0081         0
1.1370    1.0750    0.0062         0
1.2850    1.2870    0.0061         0
1.1370    1.0550    0.0064         0
1.2850    1.3100    0.0071         0
1.1370    0.2950    0.0075         0
1.1370    1.0570    0.0076         0
1.2850    1.4630    0.0074         0
1.1370    1.2000    0.0068         0
1.2850    1.2890    0.0057         0
1.2850    1.2940    0.0063         0
1.2850    1.2950    0.0060         0
1.2850    1.2650    0.0056         0
1.4020    0.5650    0.0057         0
1.4020    1.2770    0.0073         0
1.4020    1.4040    0.0063         0
1.4020    1.3890    0.0056         0
1.4020    0.5960    0.0071         0
1.4020    1.3100    0.0072         0
1.4020    1.4080    0.0057         0
1.4020    0.5520    0.0069         0
1.4020    1.3920    0.0055         0
0.7630    0.7410    0.0047         0
0.7740    0.7630    0.0050         0
0.7630    0.9040    0.0074         0
0.7630    0.7450    0.0051         0
0.7630    0.8180    0.0053         0
0.7630    0.7550    0.0059         0
0.7630    0.4040    0.0069         0
0.3950    0.3780    0.0052         0
0.3950    0.4200    0.0076         0
0.3950    0.3510    0.0063         0
0.3950    0.3650    0.0079         0
0.3950    0.3290    0.0071         0
0.3950    0.4000    0.0051         0
0.8590    0.8420    0.0047         0
0.8590    0.8440    0.0046         0
0.0320    0.0360    0.0046         0
0.8590    0.8450    0.0052         0
0.0320    0.0100    0.0057         0
0.0320    0.0040    0.0059         0
0.0320    0.0370    0.0048         0
1.1500    1.1730    0.0052         0
1.3540    1.3870    0.0066         0
1.1500    1.1240    0.0075         0
1.1500    1.1270    0.0070         0
1.1500    0.2960    0.0060         0
0.1700    0.1720    0.0050         0
0.1700    0.0840    0.0048         0
0.1700    0.0830    0.0063         0
0.1700    0.1580    0.0055         0
0.1700    0.1630    0.0058         0
0.1700    0.1750    0.0049         0
0.1700    0.1780    0.0049         0
0.1700    0.2010    0.0061         0
0.1700    0.1740    0.0053         0
0.1700    0.1800    0.0052         0
0.1700    0.8190    0.0065         0
1.0730    1.1370    0.0075         0
1.0970    1.0730    0.0050         0
1.0730    1.0530    0.0050         0
1.0730    1.0800    0.0057         0
1.0730    1.0440    0.0068         0
1.0730    1.0550    0.0062         0
1.0730    1.0770    0.0050         0
1.0730    1.1010    0.0071         0
1.0730    1.1410    0.0065         0
1.0730    1.0450    0.0064         0
1.0730    1.1270    0.0077         0
1.0730    1.0250    0.0069         0
1.0730    0.9570    0.0068         0
0.1160    0.1530    0.0068         0
0.1040    0.1530    0.0059         0
0.1700    0.1530    0.0048         0
0.1530    0.0810    0.0063         0
0.1530    0.1090    0.0074         0
0.1530    0.1080    0.0068         0
0.1530    0.1580    0.0049         0
0.1530    0.1630    0.0049         0
0.1530    0.1570    0.0047         0
1.0200    0.9550    0.0077         0
0.1530    0.1800    0.0070         0
1.0730    1.0200    0.0062         0
1.0200    1.0800    0.0072         0
1.0200    0.9930    0.0061         0
1.0200    0.9490    0.0074         0
1.0200    1.0440    0.0074         0
1.0200    0.9730    0.0074         0
1.0200    1.0770    0.0077         0
1.0200    1.0030    0.0075         0
1.0200    0.9830    0.0076         0
1.0200    0.9820    0.0078         0
0.1530    0.1210    0.0075         0
0.1530    0.1750    0.0059         0
1.0200    1.0240    0.0048         0
1.0200    1.0450    0.0062         0
1.5130    1.3240    0.0071         0
1.0200    0.9510    0.0070         0
1.0200    1.0250    0.0054         0
1.0200    0.9780    0.0081         0
0.3270    0.2930    0.0082         0
0.3270    0.3180    0.0067         0
0.3270    0.2970    0.0065         0
0.3270    0.2780    0.0066         0
0.0790    0.0320    0.0063         0
0.0790    0.1700    0.0072         0
0.0790    0.0590    0.0045         0
0.0790    0.0860    0.0050         0
0.0790    0.0870    0.0059         0
0.0790    0.0810    0.0051         0
1.4160    1.2870    0.0072         0
0.0790    0.0610    0.0050         0
0.0790    0.0040    0.0066         0
0.0790    0.0650    0.0053         0
0.0790    0.0670    0.0055         0
0.0790    0.1780    0.0062         0
0.2370    0.1700    0.0067         0
0.2370    0.2390    0.0051         0
0.2370    0.1950    0.0057         0
0.2370    0.2430    0.0045         0
0.2370    0.1740    0.0077         0
0.2370    0.1930    0.0061         0
1.4990    1.5240    0.0047         0
1.4990    1.5260    0.0069         0
1.4990    1.4370    0.0073         0
1.4990    1.4600    0.0065         0
1.4990    1.5040    0.0053         0
1.4990    1.5030    0.0055         0
1.4990    1.4400    0.0063         0
1.4990    1.4440    0.0065         0
1.4990    1.4430    0.0074         0
1.4990    1.4450    0.0072         0
0.3490    0.3100    0.0059         0
0.3100    0.3780    0.0080         0
0.3270    0.3100    0.0050         0
0.3100    0.2590    0.0069         0
0.3100    0.2930    0.0060         0
0.3100    0.3180    0.0054         0
0.3100    0.2430    0.0066         0
0.3100    0.3310    0.0064         0
0.3100    0.3390    0.0062         0
0.3100    0.2960    0.0050         0
0.3100    0.3410    0.0060         0
0.3100    0.2780    0.0070         0
0.3100    0.7550    0.0081         0
0.2570    0.2680    0.0058         0
0.2370    0.2570    0.0059         0
0.2570    0.3100    0.0065         0
0.2570    0.3270    0.0079         0
0.2570    0.3120    0.0077         0
0.2570    0.3190    0.0058         0
0.2570    0.3180    0.0063         0
0.2570    0.3150    0.0063         0
0.2570    0.3140    0.0063         0
0.2570    0.3390    0.0067         0
0.2570    0.2970    0.0066         0
0.2570    0.3410    0.0066         0
1.3190    1.2870    0.0078         0
1.3190    1.3240    0.0061         0
1.3190    1.3230    0.0064         0
1.3190    1.3920    0.0075         0
1.3190    1.3280    0.0059         0
1.3190    1.3110    0.0056         0
1.2110    1.1890    0.0055         0
1.2110    1.2160    0.0059         0
1.2110    1.1940    0.0068         0
1.2110    1.2010    0.0067         0
0.7860    0.7630    0.0070         0
0.7860    0.7760    0.0058         0
0.7860    0.7800    0.0051         0
0.7860    0.7650    0.0072         0
0.7860    0.8350    0.0076         0
0.7860    0.7900    0.0051         0
0.7860    0.7660    0.0065         0
0.7860    0.7950    0.0050         0
0.6620    0.7080    0.0057         0
0.6620    0.6450    0.0050         0
0.6620    1.0810    0.0081         0
0.6620    0.6640    0.0055         0
0.6620    0.6270    0.0072         0
0.6620    0.6870    0.0074         0
0.6620    0.5890    0.0076         0
0.6620    0.6530    0.0060         0
0.6620    0.5690    0.0061         0
0.6620    0.6660    0.0052         0
0.6620    0.6900    0.0068         0
0.6620    0.6890    0.0067         0
0.6620    0.5710    0.0054         0
1.0420    1.0200    0.0052         0
1.4580    1.4350    0.0063         0
1.0420    1.0240    0.0050         0
1.0420    0.6950    0.0065         0
1.4580    1.4430    0.0072         0
0.7180    0.7240    0.0060         0
0.7240    0.7080    0.0051         0
0.7240    0.6870    0.0065         0
0.7240    0.7130    0.0052         0
0.7240    0.7120    0.0056         0
0.7240    0.7450    0.0060         0
0.7240    0.6890    0.0069         0
0.2680    0.2910    0.0054         0
0.3100    0.2680    0.0064         0
0.3270    0.2680    0.0075         0
0.2680    1.0810    0.0071         0
0.2680    0.2590    0.0037         0
0.2680    0.2730    0.0053         0
0.2680    0.2600    0.0049         0
0.2680    0.2760    0.0050         0
0.2680    0.2970    0.0059         0
0.2680    0.2770    0.0052         0
1.1730    1.1780    0.0053         0
1.1730    1.1770    0.0053         0
1.1730    1.2000    0.0069         0
1.1730    1.1270    0.0070         0
1.1730    0.2970    0.0078         0
1.1730    1.1940    0.0068         0
1.1730    1.2030    0.0074         0
0.7410    0.7450    0.0050         0
0.7410    0.7520    0.0051         0
0.7410    0.4050    0.0052         0
0.1700    0.1410    0.0063         0
1.4580    1.2850    0.0064         0
1.4580    1.4390    0.0068         0
1.3540    1.3460    0.0058         0
0.9700    0.8880    0.0069         0
0.7180    0.9000    0.0074         0
0.0730    0.0340    0.0070         0
0.5650    1.4080    0.0073         0
0.5650    1.4290    0.0078         0
0.5650    0.5960    0.0085         0
0.5650    1.5170    0.0078         0
0.5650    1.4150    0.0089         0
0.3600    0.3510    0.0066         0
0.3600    0.3620    0.0054         0
0.3600    0.3870    0.0072         0
0.3600    0.3150    0.0069         0
0.3600    0.2970    0.0067         0
0.3600    1.4440    0.0082         0
0.4760    0.5710    0.0076         0
0.4760    0.4990    0.0072         0
0.4760    0.4520    0.0078         0
0.4420    0.4760    0.0075         0
0.1360    0.1040    0.0073         0
0.1360    0.1700    0.0060         0
0.1530    0.1360    0.0048         0
1.3420    1.3290    0.0062         0
1.3420    1.3280    0.0070         0
1.1890    1.1770    0.0064         0
1.1890    1.1780    0.0062         0
1.1890    1.2160    0.0079         0
1.1890    1.1520    0.0073         0
1.1890    1.1240    0.0075         0
0.1930    0.8110    0.0074         0
0.1930    0.1970    0.0044         0
0.1930    0.1800    0.0059         0
0.1930    0.8180    0.0057         0
0.2200    0.2010    0.0063         0
0.2200    0.1740    0.0081         0
0.2200    0.2240    0.0047         0
0.6450    0.6890    0.0072         0
0.6450    0.6660    0.0067         0
0.6450    0.4030    0.0086         0
0.6450    0.7080    0.0064         0
0.5210    1.5170    0.0070         0
0.5210    0.4220    0.0078         0
0.5210    0.4800    0.0054         0
0.5210    0.5250    0.0053         0
1.5240    1.4670    0.0077         0
1.5240    1.4600    0.0066         0
0.4590    0.4520    0.0065         0
0.4590    0.4610    0.0050         0
0.4590    0.4960    0.0077         0
0.4590    0.4200    0.0068         0
0.4760    0.4590    0.0050         0
0.9470    0.8610    0.0081         0
0.9470    0.9730    0.0071         0
0.9470    0.9360    0.0050         0
0.9470    0.9550    0.0051         0
0.7080    0.6700    0.0070         0
1.0530    1.0250    0.0070         0
1.0530    1.0620    0.0058         0
1.0530    1.0780    0.0070         0
1.0530    1.0770    0.0071         0
1.0530    1.0220    0.0068         0
1.0530    1.0750    0.0078         0
0.0590    0.0150    0.0071         0
0.0590    0.0870    0.0072         0
0.3780    0.3120    0.0069         0
0.3270    0.3780    0.0070         0
0.8090    0.8350    0.0062         0
1.1220    1.0550    0.0056         0
0.3780    0.3640    0.0056         0
0.3780    0.3650    0.0057         0
1.1220    1.1040    0.0061         0
0.9300    0.8420    0.0078         0
0.4420    0.3510    0.0080         0
0.9910    0.9550    0.0068         0
0.9910    1.0580    0.0075         0
0.9910    0.9560    0.0061         0
1.2610    1.4450    0.0075         0
1.2610    1.2370    0.0078         0
0.3490    0.0210    0.0071         0
0.3490    0.3120    0.0072         0
1.1370    1.0970    0.0060         0
1.1370    1.1500    0.0052         0
1.1370    1.1890    0.0067         0
1.2850    1.4700    0.0075         0
1.2850    1.2610    0.0062         0
1.4020    1.3280    0.0063         0
0.4180    0.3950    0.0051         0
0.3950    0.3120    0.0086         0
0.1530    0.8180    0.0084         0
0.0790    0.0050    0.0073         0
0.2370    0.2200    0.0044         0
1.2110    1.1930    0.0063         0
0.6620    0.7550    0.0083         0
0.6620    0.6720    0.0055         0
1.0420    1.0550    0.0065         0
1.2320    1.2630    0.0079         0
0.6010    0.6670    0.0086         0
0.1040    0.0870    0.0075         0
0.9130    0.9570    0.0068         0
0.9130    0.8770    0.0064         0
0.9130    0.8910    0.0058         0
0.9130    0.8610    0.0063         0
0.9130    0.9320    0.0070         0
0.9130    0.9470    0.0063         0
0.9700    0.9130    0.0071         0
0.9130    0.8590    0.0075         0
0.8860    0.9130    0.0053         0
0.6250    0.6660    0.0087         0
0.8860    1.0340    0.0076         0
0.0100    0.0590    0.0071         0
1.2320    0.3600    0.0088         0
0.2910    0.3120    0.0077         0
0.2570    0.2700    0.0079         0
1.4020    0.6030    0.0073         0
1.4190    1.4020    0.0074         0
1.4020    0.6010    0.0068         0
0.1360    0.0840    0.0083         0
1.2110    1.1770    0.0077         0
0.4420    0.4030    0.0081         0
0.9910    1.0070    0.0073         0
1.0970    1.0580    0.0083         0
1.3670    1.3460    0.0069         0
0.6620    0.6010    0.0076         0
0.6250    0.6620    0.0067         0
0.6620    0.6050    0.0085         0
1.0530    1.0200    0.0060         0
1.0530    1.0420    0.0051         0
1.5240    1.4390    0.0085         0
1.5240    1.4710    0.0080         0
1.5240    1.5290    0.0055         0
1.5240    1.5280    0.0054         0
1.1220    1.1580    0.0079         0
0.6850    0.6450    0.0061         0
1.0670    1.1370    0.0064         0
1.0670    1.1260    0.0061         0
1.0670    1.2030    0.0069         0
1.4990    1.4630    0.0074         0
0.6450    1.4150    0.0083         0
1.0680    1.2030    0.0069         0
1.0680    1.1940    0.0074         0
1.4220    0.6720    0.0082         0
1.4220    1.1500    0.0078         0
1.1830    1.1500    0.0073         0
1.1830    1.1890    0.0064         0
1.3870    1.3580    0.0087         0
0.2200    0.1930    0.0050         0
0.1700    0.2200    0.0067         0
0.7080    0.6950    0.0057         0
0.7080    0.6640    0.0063         0
0.7080    0.6470    0.0054         0
0.7080    0.7410    0.0066         0
0.7630    0.7100    0.0059         0
0.3270    0.7550    0.0075         0
1.1220    1.0440    0.0063         0
1.1500    1.0750    0.0067         0
1.4350    1.3290    0.0061         0
1.4350    1.4430    0.0064         0
1.4350    1.4450    0.0065         0
1.4350    1.5170    0.0062         0
1.4350    1.5310    0.0077         0
1.4350    1.5130    0.0069         0
1.4350    1.4270    0.0073         0
0.6850    0.6030    0.0066         0
0.6850    0.6090    0.0073         0
0.9700    0.9820    0.0081         0
1.3870    0.5890    0.0082         0
0.6390    0.6090    0.0061         0
0.8400    0.8420    0.0053         0
0.6390    0.6940    0.0060         0
1.3820    1.3440    0.0075         0
0.6250    0.6640    0.0080         0
0.4940    0.4590    0.0068         0
0.3100    0.2910    0.0052         0
0.4940    0.4780    0.0058         0
0.4940    0.5120    0.0074         0
0.4940    0.4630    0.0074         0
0.4940    0.4220    0.0081         0
0.5650    0.5690    0.0057         0
0.3600    0.3780    0.0055         0
0.3600    0.3730    0.0068         0
0.3600    0.4050    0.0065         0
0.4760    0.4690    0.0058         0
0.4760    0.4200    0.0058         0
0.1360    0.2010    0.0076         0
1.3420    1.3240    0.0066         0
1.3420    1.3470    0.0053         0
1.0670    1.0680    0.0036         0
1.0670    1.0550    0.0060         0
1.0670    1.0580    0.0063         0
1.0670    1.0570    0.0063         0
0.1360    0.1930    0.0076         0
0.1700    0.1930    0.0051         0
1.1370    1.0680    0.0069         0
1.0680    1.1260    0.0063         0
1.0680    1.0620    0.0050         0
1.0680    1.0610    0.0054         0
1.0680    1.0580    0.0070         0
0.6450    0.6530    0.0052         0
0.6450    0.6330    0.0068         0
0.6450    0.5950    0.0067         0
0.6450    0.6470    0.0054         0
0.4940    0.5210    0.0054         0
0.4760    0.5210    0.0063         0
0.5210    1.5200    0.0056         0
0.5210    0.5230    0.0054         0
0.5210    0.4440    0.0078         0
0.5210    0.5040    0.0065         0
0.5210    0.5710    0.0068         0
0.9470    0.9560    0.0049         0
0.9470    1.0340    0.0059         0
1.0530    0.2770    0.0077         0
0.4590    0.4690    0.0050         0
0.0320    0.0590    0.0048         0
0.0590    0.0840    0.0071         0
0.0590    0.0830    0.0066         0
0.0590    0.0650    0.0047         0
0.9700    0.9300    0.0057         0
1.2610    0.2970    0.0077         0
1.0970    1.1500    0.0064         0
0.1160    0.1740    0.0079         0
0.9780    1.0340    0.0074         0
0.3950    1.4450    0.0081         0
0.0730    0.0320    0.0062         0
0.0320    0.0860    0.0069         0
0.3270    0.2390    0.0081         0
1.4990    1.4390    0.0062         0
1.3190    1.4350    0.0068         0
1.3190    1.3910    0.0072         0
1.3540    1.3440    0.0053         0
0.0290    0.0560    0.0034   -0.0020
0.1010    0.1130    0.0037   -0.0020
0.1130    0.1330    0.0030   -0.0020
0.1330    0.1500    0.0031   -0.0020
0.1500    0.1670    0.0031   -0.0020
0.1670    0.1900    0.0031   -0.0020
0.1900    0.2170    0.0032   -0.0020
0.2170    0.2340    0.0035   -0.0020
0.2540    0.2650    0.0037   -0.0020
0.2650    0.2880    0.0031   -0.0020
0.2880    0.3070    0.0031   -0.0020
0.3070    0.3240    0.0032   -0.0020
0.3240    0.3460    0.0031   -0.0020
0.3460    0.3570    0.0031   -0.0020
0.3570    0.3750    0.0030   -0.0020
0.3750    0.3920    0.0031   -0.0020
0.3920    0.4150    0.0031   -0.0020
0.4150    0.4390    0.0031   -0.0020
0.4390    0.4560    0.0031   -0.0020
0.4560    0.4730    0.0032   -0.0020
0.4730    0.4910    0.0035   -0.0020
0.5180    0.5450    0.0037   -0.0020
0.5450    0.5620    0.0036   -0.0020
0.5620    0.5810    0.0037   -0.0020
0.5810    0.5980    0.0037   -0.0020
0.5980    0.6220    0.0030   -0.0020
0.6220    0.6420    0.0031   -0.0020
0.6420    0.6590    0.0032   -0.0020
0.6590    0.6820    0.0031   -0.0020
0.6820    0.7050    0.0031   -0.0020
0.7050    0.7210    0.0031   -0.0020
0.7210    0.7380    0.0032   -0.0020
0.7380    0.7600    0.0031   -0.0020
0.7600    0.7710    0.0031   -0.0020
0.7710    0.7830    0.0031   -0.0020
0.7830    0.8060    0.0031   -0.0020
0.8370    0.8560    0.0036   -0.0020
0.8560    0.8830    0.0037   -0.0020
0.8830    0.9100    0.0031   -0.0020
0.9100    0.9270    0.0031   -0.0020
0.9270    0.9440    0.0033   -0.0020
0.9440    0.9670    0.0034   -0.0020
0.9670    0.9750    0.0032   -0.0020
0.9750    0.9880    0.0032   -0.0020
0.9880    1.0170    0.0031   -0.0020
1.0170    1.0390    0.0031   -0.0020
1.0390    1.0500    0.0031   -0.0020
1.0500    1.0700    0.0031   -0.0020
1.0700    1.0940    0.0036   -0.0020
1.0940    1.1190    0.0031   -0.0020
1.1190    1.1340    0.0032   -0.0020
1.1340    1.1470    0.0032   -0.0020
1.1470    1.1700    0.0031   -0.0020
1.1700    1.1860    0.0034   -0.0020
1.2820    1.3050    0.0037   -0.0020
1.3050    1.3160    0.0035   -0.0020
1.3390    1.3510    0.0033   -0.0020
1.3510    1.3640    0.0035   -0.0020
1.3990    1.4240    0.0037   -0.0020
1.4550    1.4840    0.0031   -0.0020
1.4840    1.4960    0.0034   -0.0020
1.5210    1.5460    0.0037   -0.0020
0.0310    0.0580    0.0029   -0.0020
0.1030    0.1150    0.0037   -0.0020
0.1150    0.1350    0.0029   -0.0020
0.1350    0.1520    0.0029   -0.0020
0.1520    0.1690    0.0029   -0.0020
0.1690    0.1920    0.0029   -0.0020
0.1920    0.2190    0.0028   -0.0020
0.2190    0.2360    0.0028   -0.0020
0.2560    0.2670    0.0037   -0.0020
0.2670    0.2900    0.0029   -0.0020
0.2900    0.3090    0.0028   -0.0020
0.3090    0.3260    0.0029   -0.0020
0.3260    0.3480    0.0029   -0.0020
0.3480    0.3590    0.0029   -0.0020
0.3590    0.3770    0.0029   -0.0020
0.3770    0.3940    0.0028   -0.0020
0.3940    0.4170    0.0029   -0.0020
0.4170    0.4410    0.0030   -0.0020
0.4410    0.4580    0.0029   -0.0020
0.4580    0.4750    0.0029   -0.0020
0.4750    0.4930    0.0028   -0.0020
0.5200    0.5470    0.0037   -0.0020
0.5470    0.5640    0.0036   -0.0020
0.5640    0.5830    0.0036   -0.0020
0.5830    0.6000    0.0036   -0.0020
0.6000    0.6240    0.0030   -0.0020
0.6240    0.6440    0.0029   -0.0020
0.6440    0.6610    0.0029   -0.0020
0.6610    0.6840    0.0029   -0.0020
0.6840    0.7070    0.0029   -0.0020
0.7070    0.7230    0.0029   -0.0020
0.7230    0.7400    0.0029   -0.0020
0.7400    0.7620    0.0029   -0.0020
0.7620    0.7730    0.0028   -0.0020
0.7730    0.7850    0.0029   -0.0020
0.7850    0.8080    0.0029   -0.0020
0.8580    0.8850    0.0037   -0.0020
0.8850    0.9120    0.0029   -0.0020
0.9120    0.9290    0.0029   -0.0020
0.9290    0.9460    0.0030   -0.0020
0.9690    0.9770    0.0029   -0.0020
0.9770    0.9900    0.0029   -0.0020
0.9900    1.0190    0.0029   -0.0020
1.0190    1.0410    0.0029   -0.0020
1.0410    1.0520    0.0029   -0.0020
1.0520    1.0720    0.0029   -0.0020
1.0720    1.0960    0.0031   -0.0020
1.0960    1.1210    0.0029   -0.0020
1.1210    1.1360    0.0029   -0.0020
1.1360    1.1490    0.0030   -0.0020
1.1490    1.1720    0.0029   -0.0020
1.1720    1.1880    0.0029   -0.0020
1.1880    1.2100    0.0029   -0.0020
1.2840    1.3070    0.0036   -0.0020
1.3070    1.3180    0.0036   -0.0020
1.3410    1.3530    0.0029   -0.0020
1.3530    1.3660    0.0028   -0.0020
1.4010    1.4260    0.0036   -0.0020
1.4570    1.4860    0.0029   -0.0020
1.4860    1.4980    0.0028   -0.0020