-0.9233 -14.4157 -5.084
-2.2517 -13.3868 -4.5723
-1.6002 -13.9327 -4.7997
-0.4599 -13.1238 -3.4596
0.3665 -13.7075 -2.7545
-0.213 -11.9566 -4.0453
-0.8216 -11.6226 -4.7445
1.0393 -11.2536 -3.8456
0.9404 -10.2641 -4.2446
1.4459 -11.1842 -2.3691
2.0159 -12.0733 -2.1281
-0.0729 -11.138 -1.261
0.2292 -11.1616 -1.4577
2.3308 -9.9578 -2.1118
1.7673 -8.4712 -3.0911
1.8576 -8.6921 -2.8045
2.1697 -11.9616 -4.6173
3.3342 -11.5741 -4.4488
1.8903 -13.2438 -4.8915
0.9478 -13.4444 -5.1346
2.9227 -14.1544 -5.381
3.8408 -13.6045 -5.4789
3.1231 -15.3081 -4.3956
3.7852 -16.5274 -5.013
2.7585 -17.5263 -5.5204
3.1563 -18.9537 -5.177
3.2253 -19.8178 -6.3873
3.2469 -20.0242 -6.6782
2.5306 -14.7096 -6.7508
3.3753 -14.801 -7.6471
1.3645 -15.3477 -6.8013
0.7394 -15.2833 -6.0499
1.0061 -16.2168 -7.9206
1.9188 -16.5367 -8.3936
0.2475 -17.4433 -7.4101
0.8968 -18.766 -7.7861
0.3383 -19.3333 -9.0828
0.2282 -20.5532 -9.2305
-0.2263 -18.4627 -9.913
-0.1591 -17.5079 -9.6902
-0.7967 -18.809 -10.6323
-0.4625 -18.1587 -10.1719
0.156 -15.4625 -8.9382
0.4906 -15.4012 -10.121
-0.9745 -14.9337 -8.4799
-1.2273 -15.0552 -7.5408
-1.7735 -14.0221 -9.2949
-2.8154 -14.2252 -9.0838
-1.4684 -12.5716 -8.9129
-0.5076 -11.9638 -7.6658
1.1133 -11.2101 -5.9741
3.3338 -2.4692 -12.7117
4.1318 -2.6684 -12.1795
2.0847 -2.1997 -12.0099
1.3221 -2.0011 -12.7427
1.6779 -3.4054 -11.1617
2.0663 -4.7402 -11.7793
1.6779 -4.8269 -13.5386
3.6273 -5.2005 -14.367
3.3076 -5.1093 -14.229
2.2372 -0.9666 -11.1102
3.3057 -0.3472 -11.0991
1.2926 -0.7777 -10.1849
0.4765 -1.3244 -10.2301
1.5886 -0.0803 -8.9373
2.1875 0.7868 -9.1762
0.0234 0.5021 -8.0804
0.3112 0.3829 -8.2627
2.3948 -0.9817 -7.9952
2.5678 -2.17 -8.2702
3.1646 -0.3422 -7.0777
2.7854 0.5605 -6.8044
3.5862 -1.1416 -5.9037
3.6496 -2.1755 -6.2893
4.9337 -0.7475 -5.3569
5.4707 0.6436 -5.5927
6.0004 0.675 -6.5465
6.7172 1.1367 -4.2593
4.0733 1.901 -5.6622
6.4812 1.0327 -4.5131
4.3703 1.6863 -5.6717
5.4012 1.5156 -4.9667
2.5051 -1.1286 -4.8382
2.5997 -1.8163 -3.8114
1.4335 -0.3476 -5.0752
1.5622 0.4487 -5.6264
0.1635 -0.6195 -4.43
0.4752 -0.9214 -3.3843
-0.7874 0.5459 -4.2669
-1.0989 0.5376 -3.202
-0.011 2.2339 -4.4757
-2.3533 0.3985 -5.2721
-0.0793 1.8708 -4.5285
-2.042 0.4261 -5.1081
-1.125 1.2828 -4.9523
-0.513 -1.8614 -4.9989
-1.4196 -2.4181 -4.3568
-0.4249 -2.0133 -6.3292
0.3006 -1.5344 -6.8004
-0.9326 -3.2318 -6.9622
-1.9938 -3.2778 -6.7803
-0.6829 -3.1836 -8.4698
-1.4243 -2.052 -9.1677
-1.5053 -2.2429 -10.668
-1.2465 -1.267 -11.4054
-1.8932 -3.3453 -11.1092
-0.2778 -4.4738 -6.3484
-0.9359 -5.5161 -6.2212
0.8318 -4.2601 -5.6438
1.2957 -3.3973 -5.7321
1.2216 -5.121 -4.5177
1.105 -6.1436 -4.845
2.6938 -4.8933 -4.1396
2.8827 -3.8328 -4.1298
3.0422 -5.5618 -2.4178
2.991 -5.4505 -2.7568
3.6171 -5.5411 -5.1796
3.5942 -4.67 -6.8377
3.57 -4.8568 -6.529
0.3267 -4.8686 -3.315
-0.1931 -5.808 -2.7016
0.1943 -3.6038 -2.9117
0.6384 -2.8919 -3.4244
-0.3916 -3.2611 -1.6239
0.3188 -3.5648 -0.8549
-0.6367 -1.3969 -1.4805
-0.5719 -1.7579 -1.4861
-1.7065 -3.9867 -1.3858
-1.9738 -4.4657 -0.278
-2.4442 -4.2687 -2.46
-2.0978 -4.0467 -3.3556
-3.8166 -4.7405 -2.3473
-4.4326 -3.918 -2.018
-4.3252 -5.2101 -3.7176
-5.8166 -5.3459 -3.7782
-6.4498 -6.4105 -4.3837
-6.7969 -4.4804 -3.4244
-6.0074 -7.1763 -4.8055
-7.7579 -6.2328 -4.3254
-7.9952 -5.087 -3.7113
-6.6623 -3.5157 -2.9557
-8.5057 -6.9348 -4.6637
-3.9446 -5.8861 -1.3448
-5.0574 -6.2121 -0.9108
-2.9019 -6.7049 -1.2628
-2.0502 -6.4478 -1.6927
-2.9055 -7.9183 -0.4675
-3.7335 -8.5114 -0.6687
-1.5963 -8.7028 -0.7587
-1.3942 -8.9277 -2.2517
-2.3081 -10.007 -2.7999
-2.2991 -10.226 -4.0289
-3.0314 -10.635 -1.9983
-2.8536 -7.5603 1.0548
-3.2225 -8.4457 1.8562
-1.8841 -6.7396 1.3784
-1.4515 -6.1687 0.6748
-1.0947 -6.796 2.6094
-0.9025 -7.7967 2.8936
0.2714 -6.1947 2.1916
0.3543 -4.6881 2.5116
-0.6492 -4.298 2.5996
1.2134 -4.5542 4.1589
1.2397 -3.7792 1.1469
1.0397 -4.4912 3.8578
1.0845 -3.9481 1.4203
1.2324 -4.1088 2.6697
-1.7429 -6.0403 3.7374
-1.1682 -5.9628 4.8385
-2.7548 -5.2154 3.4377
-3.1558 -5.2877 2.5361
-3.5907 -4.661 4.502
-2.974 -4.5977 5.3911
-4.1223 -3.277 4.1625
-3.8627 -2.8537 2.5686
-3.3908 -2.4008 0.1949
-3.6144 -2.651 1.3796
-3.9129 -2.8492 2.7296
-4.7487 -3.3485 1.736
-5.6883 -3.804 2.0203
-4.4963 -3.0782 0.4031
-5.0741 -3.596 -0.3646
-3.3941 -2.3158 0.057
-3.1231 -2.2337 -0.9978
-2.3933 -2.1175 1.008
-1.487 -1.5967 0.7289
-2.6902 -2.3111 2.3451
-1.971 -2.0337 3.102
-4.7603 -5.6045 4.8017
-5.2185 -5.6589 5.9538
-5.441 -6.079 3.7614
-5.0476 -5.9726 2.86
-6.8756 -6.36 3.8369
-7.3502 -5.4756 4.2546
-7.4384 -6.5813 2.4274
-8.9417 -6.3661 2.3429
-9.716 -7.6704 2.3941
-10.9634 -7.6172 2.34
-9.0743 -8.7398 2.3134
-7.1962 -7.5485 4.7228
-8.374 -7.937 4.8257
-6.2734 -7.8725 5.6353
-5.333 -7.6292 5.4335
-6.4697 -9.0412 6.5013
-5.5211 -9.2547 6.9704
-6.8927 -10.2396 5.657
-8.3929 -10.4402 5.557
-8.8975 -11.5616 6.4435
-9.806 -11.3091 7.263
-8.423 -12.7057 6.2807
-7.5024 -8.7532 7.5843
-8.1829 -9.6659 8.0663
-7.5345 -7.5168 8.0834
-6.9424 -6.8336 7.6882
-8.0373 -7.2539 9.4374
-8.1348 -8.2027 9.9363
-7.0361 -6.385 10.1998
-7.1376 -6.5139 11.6884
-8.1649 -7.1839 12.3191
-6.3278 -6.0589 12.6738
-8.9335 -7.5991 11.8766
-7.9372 -7.2086 13.6202
-6.8211 -6.5434 13.8606
-5.4266 -5.4757 12.5445
-8.5435 -7.7093 14.3602
-9.3984 -6.5699 9.3935
-10.119 -6.5778 10.409
-9.5681 -5.6641 8.4309
-8.8535 -5.5087 7.7737
-10.8072 -4.9154 8.2921
-10.9583 -4.7127 7.2386
-11.9942 -5.731 8.8089
-12.5207 -6.7423 7.8058
-13.4454 -7.7516 8.4662
-14.4853 -7.0671 9.34
-14.8499 -7.8948 10.5218
-14.9463 -8.099 10.7995
-10.7439 -3.5792 9.032
-11.7429 -2.8562 9.096
-9.5353 -3.1535 9.3891
-8.7644 -3.7573 9.29
-9.2622 -1.7404 9.6492
-10.1135 -1.1725 9.3091
-9.0441 -1.5022 11.1371
-10.2665 -1.7846 11.9945
-10.1927 -1.0515 13.3236
-10.9371 -1.8026 14.4168
-11.3849 -0.8908 15.5064
-11.5139 -0.6713 15.7574
-8.0315 -1.2852 8.8558
-7.2336 -2.1228 8.4241
-8.0225 -0.0172 8.4165
-8.692 0.6149 8.7543
-7.1286 0.4272 7.3534
-7.254 -0.1438 6.4529
-7.5403 1.8778 7.1165
-6.6687 2.4705 6.876
-8.2475 1.9198 6.3016
-7.4587 2.1953 6.5891
-8.1605 2.3142 8.3986
-7.3978 2.6778 9.0704
-8.8928 3.0849 8.2083
-8.1457 2.8816 8.639
-8.767 1.1062 10.0523
-9.8534 1.0362 8.6502
-9.3105 1.0712 9.3516
-5.6689 0.3554 7.802
-5.3837 0.355 9.0025
-4.7545 0.5303 6.8531
-5.0443 0.5641 5.4072
-3.3758 0.9659 7.1467
-3.2512 0.9448 8.2108
-2.3618 -0.0138 6.5133
-2.4241 0.0917 5.4399
-0.6089 0.4199 7.0401
-2.7808 -1.7874 6.9609
-0.9471 0.3391 6.9446
-2.7038 -1.4454 6.8814
-1.6957 -0.6837 7.0064
-3.1178 2.3571 6.5726
-3.4446 2.6067 5.4044
-2.3513 3.1845 7.3076
-2.4027 3.1052 8.287
-1.8858 4.4529 6.7444
-2.6435 4.9128 6.1388
-1.5911 5.3062 7.971
-0.7373 5.9373 7.775
-2.4516 5.9171 8.1982
-1.5942 5.927 7.9884
-1.3117 4.3299 9.0608
-0.2695 4.0505 9.0453
-1.5709 4.7624 10.0158
-0.9205 4.4064 9.5308
-1.677 2.226 9.0771
-3.128 3.2271 9.2838
-2.4027 2.7266 9.1817
-0.6256 4.246 5.9109
-0.0626 3.132 5.9333
-0.4509 5.0679 4.8719
-1.2644 6.293 4.657
0.6311 4.9551 3.9274
0.9452 5.9549 3.6263
0.2008 4.257 2.6183
1.3994 4.2736 1.4557
3.2682 4.1508 -0.1457
2.3182 4.2339 0.6366
1.2769 4.2802 1.5657
2.4013 5.0852 1.7136
2.4122 5.8184 2.5142
3.3931 5.0932 0.7582
4.1982 5.8105 0.8177
3.3698 4.1616 -0.2619
4.0976 4.2237 -1.064
2.2999 3.2941 -0.3768
2.3329 2.4936 -1.1021
1.2492 3.3714 0.5188
0.3446 2.8022 0.3376
1.8649 4.225 4.4691
2.416 3.3694 3.7671
2.4546 4.7854 5.5158
2.0185 5.5292 5.9843
3.7971 4.4002 5.9384
4.411 4.3361 5.0452
4.3885 5.4823 6.8484
5.1286 6.5722 6.0853
6.6306 6.4977 6.285
7.1738 7.09 7.2167
7.3125 5.8046 5.3782
6.807 5.3078 4.7019
8.2864 5.7635 5.4662
7.5389 5.4734 5.1352
3.8152 3.0542 6.64
4.8907 2.5474 6.9927
2.641 2.5718 7.0604
1.8193 2.9534 6.6511
2.5413 1.1999 7.5632
3.4553 0.9905 8.1037
1.3548 1.0629 8.5103
1.375 2.0415 9.6725
2.2961 1.5992 10.7926
2.794 2.4715 11.5346
2.4808 0.3747 10.9586
2.4219 0.2114 6.4084
3.2953 -0.6404 6.2265
1.4338 0.428 5.5454
0.8339 1.1942 5.6742
1.2646 -0.3909 4.3523
1.1821 -1.4253 4.6851
-0.0287 -0.0176 3.6233
0.0492 1.1512 2.6454
0.741 1.8891 3.0304
0.6976 0.5939 0.9697
-1.6334 1.9721 2.4576
0.5678 0.6809 1.2948
-1.3132 1.814 2.4947
-0.4707 1.2745 1.7155
2.4514 -0.2872 3.4051
2.6649 -1.163 2.5621
3.1965 0.8112 3.488
2.9898 1.4759 4.1895
4.4421 0.9614 2.7594
4.2433 0.953 1.7049
5.0958 2.3068 3.1171
6.261 2.7303 2.2207
7.1614 2.2342 2.555
5.9353 2.2228 0.4414
6.533 4.5863 2.3454
6.0125 2.324 0.7762
6.4818 4.2319 2.3238
6.2422 3.4062 1.3912
5.4252 -0.1698 3.0932
6.1088 -0.6704 2.192
5.755 -0.2946 4.3779
5.2595 0.2282 5.0509
7.011 -0.91 4.8079
7.8063 -0.4851 4.2192
7.2628 -0.606 6.2874
8.1087 0.6383 6.491
9.3191 0.6125 6.2339
7.5714 1.5949 7.2441
6.625 1.5127 7.4852
8.1154 2.3869 7.4379
7.375 1.942 7.4791
6.9854 -2.4213 4.5875
8.0466 -3.0436 4.4495
5.856 -3.0312 4.9638
5.0228 -2.4975 4.9668
5.7104 -4.483 4.8513
6.3656 -4.9396 5.5692
4.2645 -4.8855 5.1582
4.0809 -6.3763 5.3808
5.1443 -6.9651 6.2895
5.2808 -6.4685 7.4309
6.0003 -7.7216 5.7768
6.091 -4.9589 3.4518
6.616 -6.0583 3.2767
5.6984 -4.1796 2.452
5.3455 -3.2804 2.6395
6.0102 -4.5017 1.0596
5.6546 -5.4948 0.8598
5.289 -3.5179 0.1175
5.588 -2.516 0.3835
5.7733 -3.8252 -1.6686
5.6875 -3.774 -1.3243
3.7724 -3.6485 0.2967
2.8588 -2.0545 -0.0545
3.0402 -2.3469 0.0522
7.5055 -4.422 0.79
7.9891 -4.8984 -0.242
8.1787 -3.5146 1.5251
7.7953 -3.3151 2.4304
9.6575 -3.5579 1.5238
9.9944 -3.4035 0.5339
10.3267 -2.2116 2.6511
10.1896 -2.4536 2.422
10.1113 -4.93 2.0321
10.8425 -5.6391 1.3431
9.3693 -5.4674 3.02
8.719 -4.8682 3.4814
9.9575 -6.5141 3.8562
10.9979 -6.2544 4.0081
9.2556 -6.5585 5.2142
8.435 -7.7071 5.3308
9.8927 -7.8802 3.1873
10.1891 -8.9038 3.8368
9.9458 -7.8892 1.85
9.5187 -7.1465 1.3744
10.6592 -8.926 1.0917
10.688 -8.6165 0.0608
9.9554 -10.2602 1.2285
8.6013 -10.4665 0.583
8.6999 -11.1888 -0.2297
7.3766 -11.195 1.8193
7.9366 -8.8671 -0.1397
7.6068 -11.0574 1.5797
8.0371 -9.1914 -0.0255
7.6554 -10.0329 0.8385
12.1077 -9.0254 1.603
12.4398 -10.0452 2.2409
12.6412 -7.8322 1.9252
12.3116 -7.0283 1.4628
13.907 -7.7184 2.6383
14.222 -8.7097 2.9251
13.746 -6.8574 3.888
13.593 -5.3575 3.7367
14.5579 -4.8757 3.889
12.9768 -4.9181 2.013
12.4054 -4.6667 5.0323
13.1324 -4.969 2.3423
12.6422 -4.794 4.7913
12.7084 -4.787 3.5255
14.9847 -7.118 1.7293
14.9993 -7.3769 0.527
16.0071 -6.5435 2.3589
15.9049 -6.2833 3.302
17.1416 -6.0265 1.6021
18.0439 -6.4639 1.9741
17.0061 -6.2781 0.566
17.5265 -6.371 1.2703
17.237 -4.5074 1.7253
18.2214 -3.9113 1.2827
16.1628 -3.8741 2.1924
15.3495 -4.4025 2.3928
15.9587 -2.4527 1.9354
16.8959 -2.0489 1.573
14.8884 -2.2435 0.8522
15.0525 -1.2814 0.3844
15.0395 -3.5714 -0.4792
13.1644 -2.2529 1.602
15.0113 -3.3089 -0.2328
13.4841 -2.2428 1.4402
14.1036 -2.9087 0.5589
15.565 -1.728 3.2044
16.1912 -0.7325 3.5852
14.744 -2.4005 4.0151
14.1734 -3.1064 3.6212
14.1611 -1.7219 5.1984
13.2101 -2.21 5.3811
15.0646 -1.9726 6.4126
16.4719 -2.4383 6.1175
17.4511 -1.282 6.044
18.773 -1.6969 5.4194
19.9134 -0.8893 5.941
20.1737 -0.6574 6.0281
13.9547 -0.2446 5.025
14.6943 0.5647 5.6805
12.709 0.2548 4.7698
12.0348 -0.4747 4.5128
12.5264 1.527 4.1418
12.2055 1.3426 3.0975
11.4002 2.3359 4.8086
11.0507 3.5846 3.9972
9.6815 3.4405 3.3507
8.6365 2.9636 4.3419
8.7976 3.6196 5.6751
8.7807 3.8212 5.9703
13.7657 2.4109 4.0579
13.7897 3.5227 4.594
14.8576 1.8263 3.5829
14.788 0.9698 3.1089
16.1958 2.3497 3.8547
16.8987 1.5759 3.6132
16.3551 2.833 5.2666
17.7749 3.1461 5.7003
18.7485 2.022 5.4215
19.9499 2.1803 5.7434
18.3081 0.9404 4.9799
16.4523 3.4993 2.8288
17.3279 4.325 3.1092
16.1302 3.1844 1.5839
15.6189 2.3573 1.3951
16.9395 3.692 0.4376
17.6476 4.3792 0.8453
17.6555 2.5109 -0.2072
18.1106 1.4643 0.812
19.249 1.9894 1.6774
18.9767 2.3007 2.8622
20.2718 2.4135 1.0924
16.0203 4.3872 -0.5421
16.3505 5.4431 -1.092
14.7865 3.868 -0.6923
14.5996 2.9915 -0.3034
13.6832 4.6974 -1.1525
14.0035 5.1606 -2.0849
12.3904 3.9611 -1.3724
12.1166 2.596 -0.798
12.66 1.8396 -1.3709
12.6762 2.4674 0.9924
10.2776 2.187 -0.9376
12.5766 2.4712 0.6448
10.6323 2.2365 -0.9104
11.4837 2.3107 0.0231
13.4673 5.8666 -0.1499
13.6787 7.0302 -0.5272
12.5688 5.601 0.8085
12.6057 4.6893 1.2023
11.6454 6.6104 1.3001
12.1898 7.3473 1.8579
10.9195 6.1357 1.9374
11.5552 6.7408 1.8976
10.8869 7.3264 0.1747
10.2766 8.3784 0.4462
11.2733 7.0325 -1.0562
11.572 6.1015 -1.225
10.944 7.8652 -2.193
10.3916 8.7259 -1.8271
12.2012 8.3431 -2.9078
12.9664 9.407 -2.1476
14.2117 9.4379 -2.2566
12.3391 10.1176 -1.3332
10.0539 7.0853 -3.1362
9.1488 7.6419 -3.7652
10.2966 5.7764 -3.2596
10.922 5.3531 -2.615
9.2438 4.8632 -3.7404
9.6409 3.8604 -3.6643
8.914 5.1652 -5.1989
8.8487 3.9282 -6.0796
10.1768 3.6515 -6.7597
10.9122 4.8764 -7.0675
10.4397 5.7302 -6.9748
12.164 4.8834 -7.5152
12.8656 3.7583 -7.5459
12.4447 2.8996 -7.2532
13.8153 3.7694 -7.8598
13.1281 3.3334 -7.5634
12.7346 6.0256 -7.8767
12.2157 6.8787 -7.8343
13.697 6.0393 -8.149
12.9571 6.4588 -7.9914
7.9913 4.9579 -2.875
6.8903 4.7719 -3.4008
8.1113 5.6609 -1.7421
9.0203 5.8359 -1.3956
6.9943 5.8215 -0.8279
6.6418 4.8645 -0.5101
7.4148 6.6445 0.4105
7.7973 7.5953 0.0242
5.8879 7.0639 1.4365
6.1796 6.9768 1.2447
8.4832 5.9944 1.2425
9.0022 4.2886 0.6997
8.9992 4.6413 0.8238
5.8367 6.5701 -1.5144
4.6781 6.1841 -1.3233
6.1184 7.8485 -1.7886
7.048 8.1051 -1.9626
5.0598 8.7871 -2.1688
4.1887 8.539 -1.5674
5.5622 10.5437 -1.7556
5.4762 10.2084 -1.848
4.7014 8.6417 -3.6376
3.6574 9.1268 -4.0878
5.6159 8.0795 -4.4307
6.462 7.7705 -4.0403
5.254 7.5925 -5.7622
4.6402 8.3456 -6.2254
6.5119 7.3741 -6.6017
6.451 7.9832 -7.9884
5.9221 9.4033 -7.9884
6.5897 10.3284 -7.5235
4.7351 9.5938 -8.5537
4.3086 8.8311 -8.9998
4.3271 10.481 -8.484
4.3074 9.6506 -8.7217
4.4587 6.293 -5.6631
3.5765 6.0267 -6.4781
4.7823 5.5016 -4.6457
5.282 5.8812 -3.878
3.9401 4.3209 -4.3213
3.6954 3.8613 -5.2509
4.6962 3.4044 -3.402
3.9019 2.1153 -2.7171
2.6881 0.2755 -1.6176
3.3058 1.1772 -2.1866
3.9628 2.2711 -2.7679
2.7583 1.7978 -3.2875
2.2824 2.3611 -4.0796
2.0571 0.7874 -2.6495
0.9448 0.778 -2.7357
2.6036 0.1794 -1.5313
2.0086 -0.496 -0.9272
3.8999 0.4757 -1.1547
4.3779 -0.0926 -0.3703
4.597 1.4751 -1.8089
5.6221 1.682 -1.5371
2.6305 4.8081 -3.6687
1.5573 4.3368 -4.102
2.6758 6.0652 -3.2292
3.5561 6.4531 -2.99
1.4958 6.8378 -2.895
0.8443 6.2704 -2.2786
1.9076 8.1329 -2.2179
1.36 8.2972 -0.6277
1.0647 8.4634 1.8147
1.1874 8.392 0.591
1.4302 8.2805 -0.789
1.5357 9.5062 -0.1374
1.8449 10.3757 -0.6998
1.3275 9.6115 1.2257
1.4448 10.5649 1.7198
0.9795 8.4891 1.9494
0.6572 7.3191 1.2835
0.3228 6.454 1.8389
1.0504 7.1739 -0.0385
1.0634 6.1945 -0.5019
0.7011 8.6053 3.2942
0.7116 7.2046 -4.1945
-0.4925 7.5511 -4.0013
1.4519 7.8887 -5.0756
2.4259 7.8222 -5.0511
0.8415 8.7089 -6.1287
0.2592 9.4781 -5.6184
1.8973 9.3926 -6.9881
2.7994 8.7917 -6.9957
1.3157 9.6427 -8.7525
2.239 10.675 -6.4061
1.4645 9.6284 -8.4257
-0.1044 7.8725 -6.975
-1.0597 8.3947 -7.5599
0.1234 6.5599 -7.0261
0.8704 6.1884 -6.4985
-0.9263 5.6255 -7.4373
-1.3604 6.0 -8.3492
-0.3298 4.2422 -7.6938
0.5298 4.1988 -8.9421
-0.0418 4.1558 -10.0525
1.7647 4.3328 -8.8128
-2.0117 5.5355 -6.3669
-3.1741 5.2648 -6.6699
-1.5961 5.6408 -5.1068
-0.6303 5.6132 -4.9105
-2.5213 5.5936 -3.99
-3.1778 4.7293 -4.157
-1.7398 5.272 -2.6789
-1.4187 3.7667 -2.5988
-1.5535 3.4004 -3.6041
-2.6208 2.8515 -1.4865
0.3429 3.4022 -2.1059
-2.4024 3.0815 -1.68
0.0103 3.5475 -2.1621
-1.1411 3.186 -1.7649
-3.3645 6.8297 -3.8496
-4.6042 6.6871 -3.6166
-2.9318 7.9401 -4.4589
-2.1663 7.8873 -5.077
-3.679 9.189 -4.3745
-4.3614 9.1068 -3.5383
-2.7355 10.3678 -4.1224
-3.4647 11.5766 -3.5554
-3.8499 12.4808 -4.2982
-3.8403 11.4883 -2.2839
-3.4717 10.7562 -1.7457
-4.4318 12.1824 -1.9256
-3.9562 11.4664 -1.8364
-4.4882 9.4346 -5.6442
-5.6934 9.6813 -5.5854
-3.8405 9.2666 -6.7924
-2.9048 8.9711 -6.7882
-4.5154 9.3857 -8.0796
-4.9509 10.3699 -8.1405
-3.5251 9.213 -9.2458
-4.0537 9.3883 -10.1695
-2.1375 10.4782 -9.1179
-2.4044 10.2377 -9.1387
-2.9559 7.793 -9.2554
-1.4507 7.5976 -10.3514
-1.7597 7.6259 -10.1664
-5.6301 8.346 -8.2122
-6.7749 8.7038 -8.5093
-5.3666 7.1337 -7.731
-4.4509 6.9198 -7.4422
-6.4293 6.1967 -7.3707
-7.3648 6.7366 -7.3947
-6.1997 5.6527 -5.9624
-7.3794 5.8911 -5.0405
-8.4652 5.3353 -5.3136
-7.1893 6.5349 -3.987
-6.5082 5.0454 -8.3749
-6.39 5.2719 -9.5848
-6.9887 3.8946 -7.9148
-7.1496 3.7907 -6.9492
-7.4899 2.8654 -8.8243
-6.6854 2.2184 -9.0986
-7.905 3.3393 -9.6896
-7.2939 2.7791 -9.396
-8.584 2.0399 -8.1447
-9.6393 1.8046 -8.7363
-8.4442 1.8572 -6.8338
-7.5849 2.0722 -6.4071
-9.5612 1.4952 -5.9799
-9.8471 0.4841 -6.2007
-10.7485 2.4272 -6.2378
-11.9562 1.7287 -6.8401
-12.9435 2.7358 -7.4104
-13.5354 2.2733 -8.6625
-13.1345 1.4897 -9.093
-14.5612 2.8738 -9.2561
-15.0973 3.9616 -8.7201
-14.7181 4.3409 -7.8762
-15.8779 4.4044 -9.1618
-15.2958 4.3746 -8.521
-15.0763 2.365 -10.3681
-14.6772 1.5426 -10.7727
-15.861 2.8055 -10.8027
-15.2679 2.1758 -10.7892
-9.1545 1.5869 -4.5131
-9.9122 2.1309 -3.698
-7.8538 1.4367 -4.2716
-7.2897 0.9921 -4.9391
-7.2203 1.9221 -3.0458
-7.3081 1.1451 -2.3035
-5.7404 2.2062 -3.3045
-4.6459 1.3544 -2.3831
-2.7992 0.3717 -1.1037
-3.798 0.7713 -1.7095
-4.8052 1.3874 -2.4566
-4.7519 1.5464 -1.0773
-5.3597 2.328 -0.6242
-3.7484 0.9405 -0.3367
-3.5768 1.2577 0.6909
-2.7217 0.2655 -1.0054
-2.0106 -0.2941 -0.3957
-3.0602 -0.2652 -2.2583
-2.2972 -0.8573 -2.7775
-4.0121 0.397 -3.0204
-4.1381 0.1491 -4.0648
-7.913 3.1801 -2.529
-7.7151 4.2724 -3.0617
-8.8286 2.9915 -1.5864
-8.9447 2.1101 -1.1803
-9.6643 4.086 -1.0925
-9.6085 4.8882 -1.8165
-11.1066 3.6205 -0.965
-11.7858 3.7131 0.3945
-11.0494 3.8614 1.174
-12.9745 5.1729 0.4405
-12.7017 2.1106 0.7832
-12.7464 4.8944 0.4385
-12.534 2.4174 0.7024
-12.8391 3.6425 0.612
-9.1448 4.5975 0.2461
-8.9828 3.8231 1.1939
-9.0168 5.9215 0.3705
-9.3515 6.5021 -0.3506
-8.4317 6.5181 1.5465
-8.5362 7.6228 1.439
-6.5523 6.2201 1.5279
-6.9058 6.3018 1.5214
-8.9763 6.2551 2.9207
-8.4937 6.9436 3.8792
-10.0612 5.5182 3.1177
-10.3005 4.9139 2.3704
-10.9416 5.6816 4.2509
-11.6065 4.8355 4.314
-10.0697 5.7078 5.5282
-9.1698 4.4779 5.6822
-8.86 4.4344 6.7071
-7.6332 4.6191 4.6121
-10.1305 2.9193 5.2532
-7.9083 4.5746 4.8429
-9.9458 3.2136 5.3469
-8.882 3.7701 4.9365
-11.7619 6.9608 4.1743
-11.254 8.0182 3.7928
-12.972 6.9116 4.7319
-13.3308 6.0547 5.0435
-5.9057 7.7425 5.2621
-4.2211 6.4796 5.4514
-4.1723 7.5354 5.3387
-5.1013 6.1114 6.6616
-6.1318 6.0467 6.3212
-4.6097 4.4255 7.3377
-4.9965 7.1019 7.6789
-4.7076 4.7502 7.2211
-4.8756 5.8538 4.2049
-6.0592 6.1944 3.9718
-4.5137 4.5686 3.9832
-3.6169 4.2915 4.2929
-5.1019 3.8365 2.8715
-5.9318 4.417 2.4921
-4.0809 3.6271 1.7534
-3.5316 4.9223 1.2144
-2.5094 5.6503 1.7598
-4.1602 5.7717 0.2462
-5.2022 5.5981 -0.674
-3.4202 6.9709 0.2037
-2.3948 6.8547 1.106
-1.963 5.3702 2.6589
-5.8651 4.7371 -0.5861
-5.7249 6.7612 -1.2717
-3.761 8.0254 -0.6403
-1.6179 7.4569 1.16
-6.5305 6.6435 -1.9932
-4.934 7.9201 -1.3432
-3.1665 8.9254 -0.6976
-5.2319 8.7108 -2.015
-5.6494 2.4746 3.3186
-4.8497 1.5735 3.6213
-6.8936 2.1938 2.9266
-7.4696 2.9259 2.6093
-7.3158 0.8131 2.657
-6.4819 0.1659 2.8369
-8.1322 0.5688 3.2948
-7.3054 0.3658 3.07
-7.7561 0.6685 1.2038
-7.0469 1.102 0.2933
-9.041 0.3432 0.9966
-9.5849 0.0686 1.7718
-9.4343 -0.1809 -0.3087
-8.8783 0.3668 -1.0557
-9.0245 -1.6602 -0.3987
-7.5998 -1.9628 0.0943
-7.5006 -1.608 1.1073
-7.2743 -3.8094 0.0763
-6.3374 -1.0601 -0.9676
-7.3547 -3.4577 0.0795
-6.5858 -1.2314 -0.7742
-6.8107 -2.4356 -0.4471
-10.9133 -0.0334 -0.5583
-11.7272 -0.0431 0.3778
-11.3205 -0.2225 -1.818
-10.6561 -0.3669 -2.5274
-12.6776 0.1459 -2.2317
-12.8954 1.1168 -1.8136
-12.7382 0.2319 -3.7591
-14.1517 0.2853 -4.3121
-15.0341 1.2151 -3.4968
-16.4426 0.82 -3.5504
-16.6491 -0.0277 -4.0103
-17.4444 1.67 -3.3331
-17.1949 2.8813 -2.8542
-16.25 3.1906 -2.7478
-17.9513 3.4923 -2.6195
-17.1008 3.34 -2.6799
-18.6998 1.2598 -3.4641
-18.8917 0.3366 -3.7962
-19.4531 1.8667 -3.2121
-19.1727 1.1034 -3.5074
-13.7004 -0.8585 -1.7201
-14.8686 -0.5188 -1.5101
-13.2371 -2.06 -1.3877
-12.2803 -2.2551 -1.4744
-14.136 -3.1547 -1.0383
-13.545 -4.061 -0.9883
-15.2055 -3.3248 -2.1205
-16.4625 -2.8442 -1.679
-14.7933 -2.923 0.316
-15.9285 -3.3435 0.5485
-14.128 -2.1529 1.1766
-13.1943 -1.9011 0.9664
-14.541 -2.0496 2.5739
-14.7449 -3.0506 2.9297
-13.4036 -1.457 3.4129
-12.1499 -2.2809 3.3693
-11.8651 -3.2927 2.4967
-10.9798 -2.1015 4.1744
-10.6499 -1.2488 5.2314
-10.0051 -3.0011 3.6989
-10.5821 -3.7413 2.7004
-12.5108 -3.5867 1.6775
-11.3727 -0.5554 5.6351
-9.3653 -1.287 5.7419
-8.7401 -3.0984 4.2733
-10.1178 -4.4062 2.1455
-9.0764 -0.6023 6.526
-8.4362 -2.2348 5.2907
-8.0198 -3.8351 3.9486
-7.4241 -2.1848 5.6727
-15.7999 -1.2047 2.7273
-16.2607 -0.9747 3.8519
-16.5006 -0.9912 1.6152
-16.1041 -1.2059 0.7451
-17.8102 -0.3515 1.6399
-18.5615 -1.1284 1.6131
-17.9884 0.5434 0.4103
-16.54 1.4032 0.515
-14.3016 2.4275 0.5374