8.1127 -12.0435 -1.9622
6.9042 -12.472 -0.765
7.5394 -12.1936 -1.3099
6.2781 -10.9807 -2.144
5.2926 -11.4817 -1.5904
6.7454 -9.777 -1.7878
7.4367 -9.3588 -2.3588
6.4388 -9.1823 -0.5235
6.6284 -8.1142 -0.5626
4.9756 -9.3871 -0.0791
4.8701 -10.3955 0.2764
3.7902 -9.1104 -1.5067
4.0291 -9.1772 -1.2409
4.6599 -8.426 1.0756
5.2646 -6.6878 0.7337
5.0792 -6.9967 0.7917
7.3186 -9.7632 0.6047
6.8135 -9.7333 1.7596
8.0153 -10.8444 0.222
8.3539 -10.8548 -0.703
8.698 -11.6866 1.2054
8.5572 -11.2061 2.1776
8.0815 -13.0731 1.2537
8.8968 -14.1809 0.6344
9.7321 -14.9217 1.6697
10.492 -16.075 1.0312
11.1605 -16.9293 2.0506
11.3039 -17.1523 2.288
10.1895 -11.743 0.915
11.014 -11.6687 1.8318
10.5282 -12.0245 -0.3406
9.8455 -12.2554 -0.9986
11.9353 -12.2106 -0.7211
11.9808 -12.2478 -1.7933
12.453 -13.5132 -0.1285
13.9502 -13.7127 -0.2263
14.6065 -13.9273 1.1261
15.4733 -14.7942 1.2709
14.0466 -13.3036 2.1574
13.3131 -12.6773 1.9769
14.4213 -13.4584 3.048
13.8304 -13.1096 2.5188
12.7548 -11.0157 -0.232
13.9016 -11.148 0.1904
12.0224 -9.9168 0.0106
11.2088 -9.7768 -0.5515
12.6906 -8.6692 0.4259
12.8672 -8.7235 1.4751
11.7712 -7.4978 0.1004
10.2236 -7.6158 0.7784
8.081 -7.4966 1.9895
9.1607 -7.537 1.3992
10.3957 -7.5744 0.731
10.1673 -8.3584 1.8542
10.9526 -9.0111 2.2061
8.9461 -8.3418 2.5018
8.8214 -8.8897 3.4282
7.9818 -7.4371 2.1046
8.1834 -6.6444 0.9963
7.4394 -5.9167 0.7036
9.3672 -6.7485 0.29
9.521 -6.1435 -0.5912
6.76 -7.4197 2.7437
14.014 -8.5272 -0.3213
14.0692 -8.7703 -1.5334
15.0364 -8.0012 0.3477
14.9408 -7.825 1.3069
16.1465 -7.352 -0.3604
16.1908 -7.7858 -1.3465
17.4623 -7.6111 0.3669
18.3993 -8.2613 -0.4741
15.887 -5.8542 -0.4737
14.7366 -5.408 -0.412
16.9264 -5.0837 -0.783
17.8039 -5.4985 -0.9434
16.8796 -3.644 -0.543
15.9384 -3.273 -0.9186
18.0277 -2.9389 -1.264
18.0846 -1.4485 -0.9981
19.4878 -0.8847 -0.9891
19.6706 0.3342 -1.074
20.4685 -1.7283 -0.6851
20.2484 -2.6817 -0.6146
21.3757 -1.3712 -0.596
20.8151 -2.03 -0.627
16.9439 -3.344 0.9539
16.1333 -2.571 1.4676
17.8145 -4.0582 1.6602
18.4339 -4.6618 1.2017
17.7872 -4.0644 3.1183
17.6676 -3.0478 3.4535
19.0998 -4.626 3.6706
19.7359 -5.6883 2.7894
21.013 -6.2509 3.3948
21.6814 -5.5053 4.1442
21.4492 -7.3341 2.9501
16.6148 -4.8945 3.6586
16.8021 -5.6322 4.6376
15.5863 -5.0398 2.8441
15.4093 -4.3242 2.1834
14.6102 -6.1044 2.9854
14.2727 -6.3343 1.9609
15.0308 -7.3023 3.7016
14.9283 -7.3472 5.2131
15.7096 -8.511 5.8054
16.146 -9.3803 5.0169
16.1746 -8.3697 6.9634
13.3112 -5.4626 3.6319
12.5957 -6.2529 4.2842
12.7241 -4.6795 2.7135
13.3053 -4.0763 2.1787
11.2862 -4.426 2.6281
10.7254 -5.2395 2.9712
10.9234 -3.9765 1.2255
11.9284 -4.3933 0.1273
12.4224 -5.2967 0.4656
13.2323 -3.0585 -0.0853
11.0311 -4.7422 -1.4672
13.0173 -3.3501 -0.0429
11.2354 -4.6834 -1.1839
12.1381 -3.8964 -0.7816
11.0843 -3.2403 3.6576
11.506 -3.6491 4.805
11.5749 -2.0909 3.2213
11.5844 -1.9319 2.2226
12.099 -1.0213 4.0394
11.6669 -0.0864 3.6694
13.6224 -0.9107 3.8802
14.0806 -0.8993 2.4336
14.9897 0.2811 2.1375
15.8458 0.0331 0.906
17.0907 0.8498 0.9155
17.3779 1.0642 0.9136
11.7462 -1.1417 5.5187
12.5141 -0.694 6.3783
10.5604 -1.6476 5.816
9.9875 -1.9892 5.0939
10.3292 -2.2157 7.1635
10.6292 -1.4504 7.8697
11.1915 -3.4494 7.3739
12.6699 -3.2636 7.0862
13.3483 -2.384 8.129
14.5968 -2.3958 8.176
12.636 -1.8981 9.0341
8.8647 -2.5363 7.3603
8.4687 -3.0548 8.4189
8.0442 -2.3016 6.3446
8.3674 -1.8017 5.568
6.6568 -2.7656 6.3401
6.3126 -2.7176 5.3078
6.5452 -4.1757 6.847
7.4519 -5.184 6.1602
8.9111 -5.5842 7.1424
10.3885 -5.827 5.5994
10.1374 -5.7894 5.8522
5.7745 -1.7715 7.1321
6.349 -0.7793 7.6439
4.4493 -1.6687 6.8463
4.106 -2.4485 6.3029
3.8904 -0.3553 6.4122
4.2772 0.3888 7.0602
2.0302 -0.3302 6.3189
2.3867 -0.3697 6.5044
4.4572 -0.1773 4.9902
4.8341 -1.2101 4.3833
4.27 0.9728 4.3458
3.7285 1.6491 4.8525
3.9097 0.9291 2.8852
4.7406 0.5087 2.38
3.601 2.3279 2.4009
4.0545 3.5095 3.2391
5.0461 3.3132 3.6344
4.1603 5.0607 2.1728
2.8888 3.7784 4.6864
4.1549 4.7674 2.3788
3.1421 3.7859 4.4337
3.5379 4.4326 3.4347
2.6766 0.0179 2.7136
2.5382 -0.6707 1.7169
1.9838 -0.2048 3.8409
1.9876 0.629 4.4843
0.6263 -0.7838 3.7597
0.2524 -0.4899 2.7647
-0.2993 -0.1254 4.7883
0.293 0.4459 5.4849
-1.3586 1.1471 3.9177
-1.3741 -1.3113 5.7518
-1.2519 0.8153 4.0263
-1.1217 -1.1119 5.5862
-1.3736 -0.1314 4.8065
0.6933 -2.2788 3.8858
-0.2637 -2.9581 3.4662
1.3747 -2.7131 4.9778
2.235 -2.1934 5.1455
1.6028 -4.1744 5.1076
0.6433 -4.6433 5.0231
2.1891 -4.442 6.495
1.5444 -3.5514 7.5679
2.5364 -3.1325 8.6313
2.0948 -2.6041 9.6771
3.725 -3.5028 8.5151
2.5089 -4.6485 3.9792
2.6212 -5.8575 3.7291
2.9549 -3.727 3.128
2.7871 -2.7671 3.3415
3.2004 -4.0389 1.7101
3.5884 -5.05 1.6806
4.2701 -3.094 1.1403
4.049 -2.09 1.4694
4.2624 -3.1317 -0.7349
4.258 -3.1176 -0.3762
5.654 -3.4913 1.6758
6.4003 -2.2153 2.8241
6.2652 -2.4533 2.5887
1.9172 -3.9722 0.9071
1.7685 -4.6795 -0.1059
0.9903 -3.0923 1.3165
1.3414 -2.2864 1.8013
-0.2285 -2.8713 0.541
0.0942 -2.5884 -0.4562
-1.2545 -1.4539 1.2285
-1.0033 -1.6943 1.1169
-1.0847 -4.1198 0.4444
-1.3657 -4.6264 -0.6476
-1.2529 -4.7898 1.5916
-1.3958 -4.2045 2.4072
-1.9133 -6.0831 1.674
-2.9736 -5.901 1.7495
-1.466 -6.8038 2.9618
-2.6213 -7.3196 3.7706
-2.6863 -8.6211 4.2273
-3.6294 -6.658 4.3875
-2.1456 -9.368 3.8945
-3.6863 -8.737 5.0845
-4.2698 -7.5583 5.2037
-3.86 -5.6061 4.2898
-3.9017 -9.611 5.6866
-1.6138 -6.9831 0.486
-2.4481 -7.7838 0.0656
-0.4121 -6.8351 -0.0693
0.2496 -6.2404 0.3467
0.0502 -7.7132 -1.1402
-0.1764 -8.7224 -0.8739
1.5649 -7.5605 -1.3244
2.3022 -7.2265 -0.0362
1.8522 -8.0889 1.1287
1.6927 -7.5392 2.2408
1.8566 -9.3305 0.9805
-0.6559 -7.3583 -2.4583
-0.8549 -8.2494 -3.2975
-0.7021 -6.0596 -2.7897
-0.2723 -5.4133 -2.1502
-0.7406 -5.6197 -4.1728
-0.0229 -6.1882 -4.7374
-0.4907 -4.1321 -4.3275
0.7016 -3.4635 -3.7006
1.3003 -2.9807 -4.4836
1.8089 -4.6935 -2.8127
0.1527 -2.1068 -2.5015
1.6199 -4.4427 -2.991
0.2766 -2.3424 -2.7554
0.9879 -3.3915 -2.6676
-2.1402 -5.9112 -4.8164
-2.1654 -5.9807 -6.0561
-3.1217 -5.3149 -4.1181
-3.1532 -5.5529 -3.1558
-4.3225 -4.7928 -4.779
-4.0208 -4.3943 -5.7331
-4.9306 -3.6591 -3.9377
-4.9772 -4.2567 -2.3655
-4.5772 -5.5182 -0.2838
-4.7877 -4.8813 -1.3166
-5.055 -4.1372 -2.4704
-5.7568 -5.3003 -2.1971
-6.4127 -5.7086 -2.9592
-5.2131 -6.2021 -1.2255
-5.8453 -7.0773 -0.9865
-4.5296 -5.6091 -0.1663
-4.4847 -6.085 0.8089
-3.9443 -4.3682 -0.351
-3.3237 -3.9414 0.4217
-4.098 -3.7109 -1.5608
-3.5308 -2.8151 -1.7655
-5.3247 -5.9161 -4.9943
-6.1272 -5.8753 -5.9317
-5.1816 -7.0074 -4.231
-4.6071 -6.9266 -3.4215
-6.3652 -7.8878 -4.0397
-7.2211 -7.227 -4.0019
-6.2407 -8.6161 -2.7057
-7.5794 -8.9322 -2.0548
-8.1542 -10.2546 -2.5267
-9.3963 -10.3851 -2.5509
-7.365 -11.1261 -2.9474
-6.5162 -8.8432 -5.201
-7.5682 -9.5006 -5.331
-5.6592 -8.7133 -6.2153
-4.914 -8.0754 -6.1273
-5.6822 -9.6011 -7.3637
-4.9732 -9.2293 -8.0917
-5.2741 -11.0107 -6.9502
-5.9828 -11.5345 -5.7174
-7.1705 -12.421 -6.0484
-8.2569 -12.1828 -5.4742
-6.9541 -13.486 -6.6682
-7.0707 -9.6115 -8.0091
-7.2992 -10.3862 -8.9482
-7.7977 -8.509 -7.8186
-7.4743 -7.8071 -7.2072
-8.9715 -8.1965 -8.6294
-9.0264 -8.9058 -9.4324
-8.8469 -6.784 -9.2063
-9.662 -6.5642 -10.4426
-10.4559 -7.5415 -11.005
-9.8194 -5.4629 -11.2141
-10.5947 -8.4428 -10.6463
-11.0502 -7.0572 -12.081
-10.6651 -5.8037 -12.2411
-9.4075 -4.4806 -11.0225
-11.7296 -7.5959 -12.7245
-10.2477 -8.2943 -7.7903
-11.3521 -8.3385 -8.3325
-10.1022 -8.1924 -6.4693
-9.196 -8.0776 -6.0961
-11.2216 -7.7713 -5.6173
-10.8032 -7.4803 -4.6642
-12.2355 -8.8828 -5.4165
-11.8145 -10.2463 -5.9157
-12.9965 -11.0662 -6.399
-13.9134 -10.259 -7.3054
-14.93 -11.1204 -7.971
-15.1685 -11.3279 -8.1385
-11.9024 -6.5445 -6.2367
-13.107 -6.5686 -6.4958
-11.0513 -5.7372 -6.9005
-10.1403 -5.6268 -6.4754
-11.5647 -4.4907 -7.5005
-12.5721 -4.3729 -7.1957
-11.5037 -4.6177 -9.0354
-12.8352 -5.0159 -9.6487
-13.5709 -3.8145 -10.2179
-15.044 -4.1203 -10.4446
-15.6434 -3.2303 -11.4772
-15.7945 -2.9986 -11.7042
-10.6881 -3.3235 -7.0781
-9.4781 -3.3217 -7.3594
-11.2489 -2.2889 -6.4386
-12.2219 -2.2389 -6.3466
-10.4344 -1.3304 -5.6963
-9.7937 -1.8127 -4.9847
-11.4579 -0.4517 -4.9916
-11.0974 0.5661 -4.9549
-11.6142 -0.8226 -3.9894
-11.3578 -0.1282 -4.4711
-12.6954 -0.5668 -5.8127
-12.6762 0.1624 -6.6074
-13.5646 -0.4199 -5.189
-13.1206 -0.129 -5.8986
-13.1253 -1.9676 -7.367
-13.2211 -2.635 -5.7254
-13.1736 -2.3015 -6.5462
-9.582 -0.495 -6.6594
-10.1325 0.0632 -7.6226
-8.4422 -0.0321 -6.151
-7.8346 -0.5091 -4.8873
-7.7235 1.1332 -6.682
-8.208 1.4235 -7.6056
-6.2534 0.823 -6.9747
-6.1827 0.4996 -8.0138
-5.1841 2.3542 -6.7741
-5.6199 -0.5905 -5.9084
-5.3374 2.0366 -6.8678
-5.7282 -0.3161 -6.1097
-5.4066 0.8876 -6.3298
-7.8246 2.304 -5.6959
-7.9202 2.099 -4.4849
-7.6948 3.5393 -6.1873
-7.8036 3.6987 -7.1492
-7.1469 4.6155 -5.3664
-7.8269 4.9546 -4.6246
-6.8267 5.7123 -6.3698
-5.922 6.2245 -6.0785
-7.6504 6.4101 -6.3955
-6.7855 6.3179 -6.2387
-6.6657 5.0134 -7.675
-5.6461 4.6783 -7.7879
-6.9357 5.6776 -8.4826
-6.2912 5.1788 -8.1356
-7.1782 3.0002 -8.1695
-8.5625 4.1041 -8.0463
-7.8709 3.5522 -8.1083
-5.8491 4.1294 -4.6829
-5.7332 2.9074 -4.4514
-5.3771 5.0408 -3.8115
-5.3533 6.4844 -4.1709
-4.1796 4.6955 -2.9905
-4.2662 3.6243 -2.81
-4.2022 5.4382 -1.6829
-2.672 5.6344 -1.0362
-0.5275 6.2036 0.0354
-1.6202 5.9638 -0.4813
-2.8517 5.6836 -1.0695
-1.9356 6.4974 -1.7109
-2.1912 6.937 -2.6658
-0.7106 6.7746 -1.1322
0.0006 7.403 -1.6479
-0.4052 6.2579 0.111
0.4581 6.6413 0.6489
-1.304 5.4286 0.7531
-1.0084 4.9065 1.6537
-2.5502 5.2019 0.1948
-3.2403 4.5254 0.6807
-2.9223 4.9438 -3.8071
-1.9257 4.2272 -3.6611
-2.8998 6.0478 -4.55
-3.7309 6.55 -4.6898
-1.6673 6.5843 -5.1083
-0.9482 6.6656 -4.3013
-1.911 7.991 -5.6722
-1.4393 9.1009 -4.7463
-0.4709 10.0535 -5.4243
-0.8432 11.1801 -5.7693
0.8134 9.7146 -5.3829
1.0464 8.8324 -5.0239
1.4733 10.3543 -5.7206
1.2596 9.5917 -5.376
-1.0876 5.6899 -6.1929
-0.056 6.0341 -6.7932
-1.9242 4.7922 -6.7408
-2.707 4.5168 -6.1794
-1.3688 3.7176 -7.5815
-0.5518 4.1375 -8.1427
-2.4455 3.206 -8.5359
-3.2169 4.3116 -9.2363
-3.4014 4.061 -10.7173
-3.6947 5.0318 -11.4512
-3.1757 2.917 -11.1656
-0.8463 2.5802 -6.7111
-0.0422 1.7623 -7.1651
-1.4634 2.4064 -5.5447
-2.1939 3.0059 -5.281
-1.0482 1.3683 -4.6087
-1.1469 0.4151 -5.1311
-1.9722 1.3402 -3.3955
-1.4645 1.9192 -2.0849
-0.5563 2.4799 -2.2595
-1.0721 0.5467 -0.8568
-2.7323 3.1062 -1.351
-1.1393 0.8128 -1.0892
-2.499 2.8696 -1.4886
-1.9005 1.8255 -1.1052
0.4057 1.5614 -4.1901
1.1859 0.6084 -4.1651
0.8095 2.8177 -3.9554
0.148 3.5418 -4.0186
1.9872 3.049 -3.1119
2.0028 2.2418 -2.3967
1.8589 4.3014 -2.2795
2.8658 5.4237 -2.5103
3.6761 5.0707 -3.1269
3.5833 6.0259 -0.8826
1.9624 6.7951 -3.4055
3.4413 5.9064 -1.1921
2.2013 6.5803 -3.2571
2.8078 6.4379 -2.1558
3.2876 2.9937 -3.8832
4.3731 3.1331 -3.2809
3.1998 2.8257 -5.197
2.3999 2.3322 -5.5334
4.4067 2.7906 -6.024
5.1951 3.2876 -5.4545
4.1841 3.5305 -7.3346
2.9611 4.4345 -7.2913
3.0727 5.6456 -7.4815
1.7841 3.8241 -7.2118
1.7705 2.8456 -7.1575
0.9754 4.3718 -7.3057
1.3728 3.6106 -7.2152
4.8481 1.3589 -6.2721
6.0476 1.0719 -6.3736
3.9038 0.4412 -6.5091
2.9578 0.7211 -6.4237
4.1819 -0.9822 -6.1894
4.9451 -1.3168 -6.8392
2.9031 -1.7947 -6.3791
2.9463 -2.7465 -7.5617
3.6074 -2.1363 -8.7818
3.0268 -1.1972 -9.3659
4.6983 -2.6097 -9.1647
4.6428 -1.0917 -4.7334
5.4 -1.9851 -4.3701
4.1448 -0.1752 -3.9007
3.3913 0.3923 -4.2095
4.5258 -0.1084 -2.5148
4.7132 -1.1245 -2.1633
3.5598 0.5803 -1.5731
3.5663 1.6436 -1.7769
4.0708 0.3232 0.2207
4.0407 0.4161 -0.128
2.1642 0.0154 -1.8104
1.353 -0.5713 -0.2769
1.4329 -0.5934 -0.6421
5.904 0.6207 -2.4526
5.9855 1.6615 -1.7986
6.8819 -0.1063 -2.8599
6.7962 -1.125 -2.8889
8.259 0.3543 -2.7889
8.7023 -0.0412 -1.8771
8.4517 2.2038 -2.7606
8.3761 1.8506 -2.7912
8.9817 -0.2676 -3.9696
9.8054 -1.1788 -3.7866
8.4421 -0.1032 -5.188
7.579 0.3728 -5.2582
9.2979 -0.2214 -6.3686
10.1376 0.4573 -6.2069
8.536 0.171 -7.6266
7.5907 -0.8342 -7.9834
9.8773 -1.6229 -6.5188
10.8274 -1.8173 -7.289
9.3732 -2.5816 -5.7524
8.7264 -2.3236 -5.0445
10.1165 -3.8213 -5.5075
10.484 -4.1715 -6.4591
9.1403 -4.8679 -4.9432
7.8218 -5.0163 -5.7033
7.296 -5.8854 -5.3324
8.1428 -5.2747 -7.5379
6.7282 -3.5108 -5.4272
8.0847 -5.2207 -7.1873
6.9331 -3.8006 -5.4806
7.4359 -4.3921 -6.4819
11.274 -3.6274 -4.5487
11.6487 -4.571 -3.8254
11.8189 -2.4171 -4.4499
11.5497 -1.7307 -5.101
12.6499 -2.0322 -3.3252
12.5284 -2.7292 -2.5292
12.3907 -0.6124 -2.8405
11.3556 -0.3525 -1.7777
10.4584 0.0108 -2.2653
10.9294 -1.9169 -0.832
11.8289 1.0395 -0.6078
10.9719 -1.6055 -1.0167
11.8093 0.734 -0.7974
11.4236 -0.4591 -0.7106
14.1512 -2.0945 -3.7686
14.3721 -2.2452 -4.9786
14.9941 -1.4519 -2.9657
14.6972 -1.2295 -2.0516
16.1515 -0.7303 -3.5216
17.0293 -1.0663 -3.0377
16.1877 -0.943 -4.5744
16.6173 -1.0055 -3.8056
15.9854 0.7708 -3.3271
16.9076 1.4593 -2.8904
14.7578 1.2581 -3.5101
14.0371 0.6565 -3.8034
14.5102 2.6863 -3.5768
15.4445 3.2041 -3.4936
13.571 3.1496 -2.4461
13.6323 4.2275 -2.3691
14.1051 2.4096 -0.8003
11.7899 2.6735 -2.8344
14.0056 2.5607 -1.1136
12.1239 2.7972 -2.7574
12.9487 2.5533 -1.8187
13.861 3.0442 -4.919
13.8537 2.2034 -5.8301
13.0992 4.1287 -4.959
13.0308 4.6866 -4.1406
11.8469 4.1274 -5.7892
11.3435 3.2076 -5.5503
12.3066 4.0664 -7.2632
13.0399 5.3307 -7.6915
14.3747 5.4662 -6.9788
14.7627 6.9182 -6.7759
15.4436 7.4943 -7.9666
15.6221 7.6195 -8.2514
10.9637 5.3123 -5.582
10.8556 6.1679 -6.5253
9.8673 5.2161 -4.7845
9.8766 4.401 -4.1763
9.1216 6.3452 -4.3283
9.0344 6.2622 -3.2225
7.6707 6.2913 -4.8636
6.8063 7.403 -4.2893
5.4345 6.8987 -3.8882
4.8144 6.0109 -4.9372
5.1822 6.4056 -6.3248
5.3229 6.4687 -6.6491
9.7035 7.704 -4.6277
9.0087 8.7404 -4.4116
11.034 7.7975 -4.6905
11.5887 7.0453 -4.3831
11.6665 9.0595 -5.0627
11.1363 9.4572 -5.9133
13.1315 8.8581 -5.4172
13.531 9.5191 -6.728
14.8104 10.3291 -6.6023
14.9143 11.3629 -7.3031
15.516 10.141 -5.5793
11.5256 10.0561 -3.9002
11.6855 11.2622 -4.0883
11.5721 9.5166 -2.6814
11.4101 8.554 -2.5762
12.0244 10.2688 -1.5118
12.0616 9.5745 -0.6865
13.3361 10.9462 -1.7418
14.1022 10.503 -2.9809
14.4865 11.675 -3.8686
13.8032 11.878 -4.8961
15.2796 12.525 -3.4058
10.9277 11.3167 -1.131
11.1643 12.0509 -0.156
9.6962 10.8281 -1.3427
9.5557 10.3356 -2.1887
8.5304 11.2899 -0.6028
8.8589 12.0358 0.1088
7.8782 10.1343 0.1412
7.3508 8.9407 -0.6208
6.422 9.2207 -1.1226
8.5339 8.3744 -1.9681
6.9529 7.5104 0.5419
8.3318 8.4729 -1.6891
7.015 7.786 0.3184
7.7541 7.95 -0.7001
7.5414 11.9576 -1.5653
7.24 13.1558 -1.4346
6.7337 11.1118 -2.2181
7.1282 10.2415 -2.4898
5.3715 11.4697 -2.5816
5.3859 12.1386 -3.4192
4.8452 10.5677 -2.857
5.1179 11.3529 -3.1364
4.6008 12.1297 -1.4382
3.5704 12.7745 -1.6936
5.2497 12.2549 -0.2915
5.9541 11.578 -0.0897
4.6797 12.9638 0.8378
3.7816 13.4584 0.5155
5.6663 13.9988 1.3749
5.3878 15.4024 0.8707
5.7085 16.362 1.6071
4.6609 15.5358 -0.1369
4.3383 11.9523 1.9165
3.2521 11.9829 2.4965
5.2299 10.9792 2.1146
5.9825 10.8806 1.4745
4.8621 9.7458 2.8271
4.5904 10.0241 3.8319
6.0671 8.8033 2.8738
5.9456 7.7066 3.9192
6.8394 7.9845 5.1201
6.8967 9.4234 5.4154
6.0925 9.948 5.2111
8.0407 10.0696 5.6198
9.1555 9.3887 5.8477
9.1528 8.3909 5.781
10.0001 9.8736 6.076
9.5755 9.1321 5.9338
8.0529 11.3949 5.686
7.215 11.9115 5.5126
8.9024 11.8769 5.898
8.0584 11.8942 5.7093
3.6824 9.0514 2.1539
2.8403 8.4578 2.843
3.4168 9.4429 0.9028
4.1248 9.8874 0.3872
2.1796 9.0808 0.2229
2.2032 8.0123 0.0462
2.0351 9.7951 -1.1279
2.3332 10.8284 -0.9973
0.2338 9.7856 -1.6807
0.5866 9.7954 -1.6113
2.9223 9.1595 -2.1984
4.5332 8.4784 -1.5409
4.2431 8.6204 -1.7128
0.9666 9.3955 1.1024
0.0214 8.6009 1.1416
0.8756 10.6504 1.5375
1.5141 11.3275 1.2176
-0.3735 11.1403 2.1351
-1.1833 10.7302 1.5407
-0.4651 13.0052 2.0345
-0.4319 12.6502 2.066
-0.5192 10.6497 3.5664
-1.6366 10.4733 4.0618
0.606 10.4531 4.2495
1.4689 10.5155 3.7768
0.5997 9.7742 5.5447
-0.2365 10.1429 6.11
1.8952 10.0716 6.3009
1.6781 10.5938 7.7099
0.4287 11.4458 7.8311
0.426 12.6167 7.4469
-0.6792 10.8164 8.2075
-0.605 9.8793 8.4872
-1.5106 11.3314 8.2541
-1.065 10.595 8.3354
0.4462 8.2656 5.3553
0.1854 7.5326 6.3073
0.8584 7.7943 4.1734
0.8984 8.4278 3.4087
0.6111 6.3916 3.8135
0.8604 5.7868 4.6599
1.4737 6.0012 2.6165
1.2341 4.4363 2.0798
0.9221 2.122 1.3149
1.0096 3.2963 1.6861
1.252 4.5986 2.1315
0.6848 3.6373 2.9812
0.6692 3.8627 4.0532
0.7396 2.2963 2.6037
0.8007 1.5023 3.3501
0.8685 1.9848 1.2638
0.7108 0.9702 0.9306
1.1551 2.9836 0.3491
1.1077 2.7675 -0.7099
1.506 4.2466 0.8094
1.6027 5.0538 0.0759
-0.8775 6.1962 3.4865
-1.5068 5.3278 4.1351
-1.5074 7.281 3.0298
-0.9871 8.093 2.813
-2.9586 7.417 3.0328
-3.3809 6.7273 2.3362
-3.3509 8.8466 2.6509
-3.5144 9.09 0.9831
-4.1051 9.5559 -1.3597
-3.819 9.3259 -0.1861
-3.4993 9.0621 1.1573
-3.2835 10.3196 0.601
-2.9132 11.1165 1.2325
-3.598 10.5825 -0.7182
-3.4576 11.5755 -1.1218
-4.1282 9.5801 -1.5053
-4.4037 8.3417 -0.9639
-5.0063 7.6256 -1.5179
-4.0593 8.0804 0.3487
-4.2639 7.1077 0.7728
-4.5261 9.8641 -2.7945
-3.5255 7.1083 4.4347
-4.6522 6.5992 4.5259
-2.9868 7.8005 5.4359
-2.1481 8.2942 5.2822
-3.754 8.1645 6.6369
-4.7496 8.425 6.3129
-3.1263 9.3941 7.3204
-2.0944 9.1674 7.5499
-4.0223 9.8055 8.9206
-3.1726 10.5201 6.4366
-3.8526 9.7254 8.6142
-3.8237 7.0162 7.6254
-4.6779 7.0136 8.5254
-2.7961 6.1657 7.6324
-2.0432 6.3109 7.0231
-2.8613 4.9209 8.3933
-3.1687 5.1583 9.3966
-1.4923 4.2431 8.4273
-0.6506 4.6784 9.6107
-1.1197 5.5399 10.3871
0.4181 4.0713 9.8317
-3.8905 3.9752 7.7659
-4.858 3.5749 8.4057
-3.5859 3.5135 6.5613
-2.8106 3.8956 6.0737
-4.5065 2.7014 5.7859
-4.8904 1.8883 6.3803
-3.7328 2.0267 4.6497
-3.6797 2.7645 3.3219
-4.2237 3.6807 3.4427
-4.5111 1.7217 2.0067
-1.8925 3.0925 2.8713
-4.3645 1.9614 2.2265
-2.277 3.1775 2.8813
-3.2165 2.4669 2.4022
-5.6845 3.5046 5.2538
-6.5727 2.9102 4.6113
-5.854 4.7549 5.6797
-5.1615 5.126 6.2813
-7.2001 5.3335 5.8019
-7.8737 4.6788 5.2684
-7.245 6.7298 5.1932
-8.6283 7.3583 5.2842
-9.6357 6.6599 5.1456
-8.6712 8.6855 5.2249
-7.825 9.1775 5.2829
-9.5508 9.1178 5.2214
-8.6859 9.1481 5.2176
-7.6277 5.3721 7.2631
-8.8228 5.3949 7.5681
-6.6518 5.5238 8.1597
-5.7184 5.4068 7.8732
-6.9315 5.3871 9.5911
-6.0125 5.1089 10.079
-7.4824 6.6617 10.2226
-8.5592 6.5803 10.2895
-7.0734 8.1696 9.179
-7.1592 7.901 9.4016
-6.9283 6.8315 11.6505
-5.0711 6.6073 11.7447
-5.4262 6.6664 11.7235
-7.9478 4.2448 9.8001
-9.0993 4.5173 10.1532
-7.6481 3.1056 9.1797
-6.7209 2.9416 8.8993
-8.6516 2.0948 8.8671
-9.6271 2.5236 9.031
-8.5319 1.6682 7.4018
-9.7974 1.9403 6.6096
-10.6487 1.0255 6.5359
-9.809 2.9358 5.8515
-8.4954 0.8705 9.7716
-9.482 0.3972 10.3441
-7.3474 0.2084 9.6619
-6.6209 0.5783 9.1152
-7.1887 -1.1182 10.2499
-6.1618 -1.414 10.1695
-7.4814 -1.0784 11.2807
-6.8207 -1.2468 10.7255
-8.0577 -2.1448 9.53
-8.7291 -2.953 10.1704
-8.1103 -2.0467 8.205
-7.6081 -1.3363 7.7491
-9.0812 -2.7969 7.428
-8.883 -3.8486 7.5737
-10.5003 -2.4882 7.9167
-11.2188 -3.6956 8.4968
-12.5535 -3.305 9.112
-12.7406 -3.8955 10.4349
-11.9404 -4.1769 10.9255
-13.9285 -4.05 11.0098
-15.0261 -3.6399 10.3891
-14.9573 -3.1768 9.506
-15.9223 -3.7825 10.8108
-15.4397 -3.4816 10.1576
-14.0265 -4.6763 12.1758
-13.2019 -5.0016 12.6382
-14.9222 -4.8075 12.5989
-14.0628 -4.9065 12.6179
-8.9614 -2.4713 5.9511
-9.9139 -2.6341 5.1842
-7.8368 -1.8678 5.5775
-7.0795 -1.8179 6.1971
-7.6867 -1.2677 4.2535
-7.7603 -2.0581 3.5228
-6.3209 -0.595 4.1319
-5.5192 -1.0034 2.716
-3.9787 -1.1648 0.7944
-4.7752 -1.1121 1.7388
-5.587 -0.9442 2.8636
-5.934 -0.3661 1.6468
-6.6828 0.4337 1.6589
-5.0228 -0.3849 0.5923
-5.2154 0.1905 -0.3011
-3.9307 -1.231 0.6489
-3.4101 -1.4806 -0.2763
-3.779 -2.0685 1.7447
-2.9691 -2.7831 1.7679
-4.4979 -1.8032 2.8992
-4.2404 -2.2953 3.8261
-8.7984 -0.2504 3.9878
-8.7531 0.8709 4.5004
-9.9057 -0.7348 3.4343
-9.9092 -1.6419 3.0615
-11.1816 -0.0155 3.4897
-11.1358 0.6709 4.3187
-12.3148 -1.0157 3.7178
-13.6649 -0.6897 3.086
-13.5161 -0.0376 2.2357
-14.7708 0.2094 4.3143
-14.5029 -2.2594 2.4712
-14.5615 0.0367 4.0785
-14.3431 -1.9594 2.5877
-14.6372 -1.0252 3.3924
-11.4196 0.7646 2.2032
-11.5847 0.155 1.1349
-11.8075 2.0413 2.3285
-11.8774 2.4237 3.2395
-11.8509 2.9274 1.1952
-12.1744 3.93 1.6176
-10.1014 3.2431 0.5493
-10.4232 3.2322 0.7224
-12.8294 2.8318 0.0646
-13.2072 3.9645 -0.4426
-13.7145 1.8074 0.0801
-13.1683 0.9301 0.1463
-14.8503 1.7791 -0.822
-15.1898 0.7662 -0.9362
-14.3429 2.2867 -2.1905
-13.4266 1.2997 -2.9124
-14.0636 0.5194 -3.282
-12.5426 2.1438 -4.3329
-12.1828 0.5204 -1.742
-12.7506 1.9601 -4.0896
-12.4182 0.6244 -1.9952
-12.3706 1.3361 -3.0411
-15.9901 2.6606 -0.3409
-15.771 3.7591 0.1757
-17.2213 2.1872 -0.5219
-17.3511 1.3258 -0.9711
-11.9426 4.8218 -2.0247
-10.0031 4.6718 -2.8373
-8.9974 4.9278 -3.137
-10.7719 4.2622 -4.1316
-10.7759 3.1741 -4.1349
-9.8368 4.8364 -5.6404
-12.0942 4.7606 -4.1027
-10.0361 4.7532 -5.3594
-9.9277 3.3744 -2.0042
-11.02 2.8008 -1.7643
-8.8467 2.5992 -2.2495
-8.0635 3.0265 -2.6796
-8.6021 1.4766 -1.3582
-9.177 1.6523 -0.4493
-7.1272 1.3774 -0.9635
-6.7264 2.7202 -0.2941
-6.5017 3.8477 -1.0758
-7.395 3.2214 0.8801
-7.9356 2.6044 2.0147
-7.1552 4.6107 0.9208
-6.5473 4.9583 -0.2584
-6.1635 3.8386 -2.1019
-8.2189 1.5552 1.9823
-8.5334 3.4238 2.9762
-7.5406 5.401 2.0015
-6.0709 5.8106 -0.4153
-8.9297 2.9601 3.8754
-8.3027 4.8076 2.9779
-7.3494 6.4639 2.0275
-8.6537 5.3898 3.8161
-9.0777 0.1498 -1.9524
-8.3977 -0.4125 -2.8249
-9.8239 -0.5616 -1.0923
-10.4731 -0.0502 -0.5378
-10.0604 -1.9831 -1.2883
-9.7353 -2.2902 -2.2304
-11.1074 -2.161 -1.127
-10.4348 -2.2386 -1.6929
-9.3563 -2.8067 -0.1765
-8.4212 -2.2834 0.4344
-10.1516 -3.7113 0.4056
-10.9211 -4.0627 -0.0977
-10.0212 -4.097 1.8028
-9.6828 -3.2356 2.3547
-8.9836 -5.219 1.936
-7.7349 -5.0538 1.0562
-8.0418 -4.6373 0.1078
-6.8972 -6.6804 0.6652
-6.5299 -3.857 1.8605
-7.1063 -6.4218 0.8693
-6.7604 -4.0839 1.7064
-6.725 -5.2861 1.3019
-11.3557 -4.557 2.3522
-12.3403 -4.6678 1.6157
-11.3715 -4.9204 3.6356
-10.5295 -4.9534 4.1361
-12.6279 -5.2234 4.3142
-13.3393 -4.4541 4.0298
-12.4603 -5.1927 5.8315
-13.7205 -5.5587 6.5972
-14.9608 -4.9425 5.9737
-16.1472 -5.7709 6.1739
-16.0146 -6.6781 6.5228
-17.3704 -5.4029 5.8069
-17.5703 -4.2154 5.2522
-16.7954 -3.6103 5.0737
-18.5006 -3.9151 5.0356
-17.6477 -3.7658 5.0481
-18.4023 -6.2056 6.0354
-18.2511 -7.1158 6.4202
-19.3299 -5.9013 5.82
-18.7913 -6.5073 6.1226
-13.1816 -6.5752 3.874
-14.3781 -6.8403 4.0131
-12.3502 -7.3564 3.1891
-11.4299 -7.0637 3.0223
-12.7184 -8.7201 2.824
-11.8195 -9.2347 2.5168
-13.3162 -9.4484 4.0318
-14.7315 -9.472 3.9631
-13.7135 -8.7325 1.669
-14.5859 -9.5998 1.6013
-13.6498 -7.7049 0.8218
-12.8595 -7.109 0.8587
-14.4222 -7.7108 -0.419
-14.2544 -8.6657 -0.901
-13.9336 -6.5984 -1.3492
-12.4628 -6.6673 -1.6339
-11.5919 -7.6348 -1.2197
-11.6811 -5.697 -2.3389
-11.9847 -4.5152 -3.0198
-10.3373 -6.1142 -2.2693
-10.308 -7.2927 -1.5718
-11.8755 -8.4996 -0.639
-13.0037 -4.1684 -3.1091
-10.9568 -3.8024 -3.6082
-9.3014 -5.3875 -2.8505
-9.5058 -7.8238 -1.3825
-11.1649 -2.8499 -4.0766
-9.6279 -4.2379 -3.5168
-8.2663 -5.6802 -2.7388
-8.8447 -3.5852 -3.8817
-15.9124 -7.5521 -0.1497
-16.7348 -7.6945 -1.0573
-16.2647 -7.3293 1.1128
-15.5738 -7.2281 1.8009
-17.6519 -7.0757 1.4857
-18.1704 -8.0248 1.4966
-17.7202 -6.4617 2.8863
-16.8183 -5.0721 2.5719
-15.4107 -3.0804 2.2493