-1.4971 3.6409 -9.8904
0.1326 4.2538 -10.5804
-3.5682 -5.5825 -10.1455
-4.5116 -5.725 -11.3282
-4.3884 -7.3372 -12.1257
-5.1712 -6.8884 -14.0768
-5.0541 -6.9658 -13.7457
-2.328 -7.3129 -8.8308
-3.4276 -7.588 -8.354
-1.4078 -6.6038 -8.1741
-0.5487 -6.4205 -8.6062
-1.5946 -6.2128 -6.789
-2.0681 -7.0317 -6.2644
0.0502 -5.8743 -5.9399
-0.2542 -5.9332 -6.1252
-2.5016 -4.981 -6.6704
-2.8491 -4.3776 -7.6944
-3.2649 -4.9242 -5.5505
-2.857 -5.3865 -4.7524
-3.8421 -3.6024 -5.2196
-3.8614 -3.0542 -6.1789
-5.2381 -3.6853 -4.6752
-5.6109 -4.6869 -3.62
-6.3356 -5.4038 -4.0352
-6.4711 -3.8554 -2.1568
-4.1219 -5.6651 -3.0274
-6.3107 -4.0141 -2.438
-4.4338 -5.5103 -3.1313
-5.2985 -4.7603 -2.5935
-2.8915 -2.8407 -4.3053
-3.1297 -1.6648 -3.9948
-1.7236 -3.4198 -3.9919
-1.5898 -4.3559 -4.2547
-0.5228 -2.5948 -3.7742
-0.9172 -1.7013 -3.2391
0.5558 -3.1986 -2.907
0.7079 -2.5046 -2.0506
0.0901 -4.8266 -2.1093
2.2122 -3.3278 -3.7729
0.13 -4.5494 -2.3426
1.9033 -3.324 -3.6018
1.1205 -4.0967 -2.9908
-0.0104 -2.0943 -5.1272
0.9983 -1.3505 -5.1365
-0.1884 -2.9537 -6.1505
-0.8225 -3.6966 -6.0465
0.1541 -2.5345 -7.5083
1.2074 -2.3127 -7.531
-0.1459 -3.657 -8.5016
0.9606 -4.7023 -8.5765
0.9642 -5.4345 -9.9086
1.7512 -6.3937 -10.0503
0.0775 -5.1492 -10.7402
-0.6206 -1.269 -7.8956
-0.0653 -0.4064 -8.5929
-1.6747 -0.9754 -7.1376
-2.0359 -1.6624 -6.5321
-2.0926 0.4149 -6.8803
-2.1181 0.9157 -7.8354
-3.495 0.4538 -6.2596
-3.5669 -0.3314 -5.5205
-3.7948 2.0946 -5.3961
-3.7547 1.7815 -5.5683
-4.5565 0.2037 -7.3395
-4.8255 -1.6126 -7.7074
-4.7746 -1.2623 -7.6382
-1.0881 1.1043 -5.9691
-0.544 2.1545 -6.3183
-0.7299 0.4451 -4.8607
-1.2782 -0.3318 -4.5857
0.0314 1.1216 -3.8108
-0.6086 1.8907 -3.4001
0.4685 -0.0754 -2.4254
0.3697 0.1552 -2.6891
1.2927 1.7693 -4.3669
1.6734 2.8658 -3.9377
1.7157 1.3032 -5.5508
1.3224 0.4828 -5.9131
2.9723 1.7696 -6.1307
3.7714 1.3768 -5.5247
3.1454 1.2055 -7.546
4.468 0.5305 -7.7557
5.251 0.7333 -8.8727
5.1515 -0.3386 -6.9742
5.0426 1.3442 -9.6113
6.4097 0.1179 -8.711
6.3683 -0.5534 -7.5743
4.837 -0.7203 -6.0125
7.229 0.1172 -9.4142
3.0466 3.2902 -6.1657
4.13 3.8768 -6.1114
1.892 3.9386 -6.3025
1.0582 3.4237 -6.3961
1.8327 5.366 -6.5787
2.5673 5.603 -7.3233
0.4419 5.7456 -7.1036
0.4633 6.4129 -8.4662
1.5497 5.8643 -9.3708
1.4398 4.6903 -9.7833
2.4636 6.634 -9.7349
2.1282 6.1805 -5.3128
2.7032 7.2718 -5.4089
1.4796 5.8264 -4.1993
0.9497 4.9865 -4.217
1.1263 6.8022 -3.1714
0.6869 7.6561 -3.6619
0.1471 6.2223 -2.1632
-1.1167 5.5496 -2.6502
-1.9479 5.8363 -1.9992
-1.5612 6.081 -4.3959
-0.9578 3.6726 -2.5522
-1.4811 5.9775 -4.0613
-0.9944 4.0326 -2.5663
-1.2578 4.8775 -3.4736
2.3821 7.2914 -2.4126
2.3856 8.4383 -1.9482
3.0762 6.2957 -1.8532
3.2241 5.4891 -2.4093
3.9165 6.5034 -0.6755
3.3838 7.1356 0.0124
4.2005 5.1542 0.0005
4.3807 3.9967 -1.1913
4.4276 2.5063 -3.1544
4.3867 3.2668 -2.1854
4.4191 4.0547 -1.03
5.306 4.289 -2.0753
6.1397 4.9632 -1.8948
5.1683 3.5907 -3.2791
5.9626 3.7005 -4.0223
4.4354 2.4087 -3.2727
4.6409 1.6087 -3.9875
3.5367 2.1783 -2.2459
2.8415 1.3557 -2.3154
3.4639 3.0608 -1.1818
2.7081 2.9282 -0.422
5.2259 7.1812 -1.0689
5.8671 7.8407 -0.2513
5.6157 7.0359 -2.3356
5.0885 6.458 -2.9356
7.0481 7.1795 -2.6766
7.6006 6.7295 -1.8614
7.3448 6.407 -3.9603
8.7143 5.7539 -3.9879
9.733 6.5453 -4.7835
10.9077 6.5911 -4.3574
9.3443 7.181 -5.785
7.4313 8.6376 -2.8023
8.6246 8.9702 -2.9124
6.4986 9.5518 -2.5012
5.5688 9.2334 -2.3749
6.6678 10.9435 -2.9274
5.7591 11.4694 -2.6865
6.9022 10.9985 -4.4352
8.3299 10.6882 -4.8498
9.134 11.9347 -5.1609
10.3487 11.8052 -5.4248
8.543 13.034 -5.1865
7.8302 11.5973 -2.1841
8.3239 12.6494 -2.5995
8.0896 11.125 -0.9652
7.625 10.3151 -0.6533
8.8426 11.8952 0.0219
8.9907 12.8858 -0.367
8.0581 11.9784 1.3328
8.0836 13.3385 1.9623
9.0222 14.2968 1.6417
7.3733 13.8433 2.9989
9.6941 14.2242 0.9327
8.8795 15.3368 2.444
7.8911 15.0833 3.2829
6.5629 13.3532 3.5206
9.4773 16.2357 2.4271
10.2085 11.2572 0.2836
11.1027 11.9268 0.8151
10.239 9.9271 0.2609
9.4646 9.4297 -0.0848
11.4076 9.1705 0.6839
11.4009 8.2256 0.1548
12.6953 9.9197 0.3348
13.3611 9.4207 -0.9365
14.4165 10.3939 -1.433
15.4759 10.6556 -0.3729
15.5568 12.0991 -0.0156
15.5755 12.4454 0.0714
11.365 8.8781 2.1853
12.3715 8.4415 2.7569
10.1558 8.8085 2.7381
9.3726 9.1028 2.218
9.9054 8.0699 3.976
10.7545 7.4307 4.1556
9.7438 9.0386 5.1462
10.6018 10.2862 5.0334
11.3949 10.5348 6.3057
12.578 11.4564 6.0527
13.2473 11.8617 7.3192
13.4058 11.9623 7.6235
8.6551 7.2039 3.8385
7.797 7.4801 2.9957
8.6227 6.0515 4.5253
9.3549 5.8334 5.1404
7.5993 5.0424 4.2884
7.5733 4.7187 3.2639
8.0132 3.8837 5.1932
7.1334 3.3995 5.5944
8.5932 3.1744 4.6225
7.8637 3.2871 5.1086
8.8279 4.5131 6.27
8.1838 4.8557 7.0649
9.5473 3.8015 6.6487
8.8661 4.3286 6.8568
9.636 6.4891 6.3327
10.5009 5.3724 5.2567
10.0691 5.9309 5.7948
6.2165 5.5608 4.6903
6.1042 6.3105 5.6684
5.1752 4.907 4.1766
5.2755 3.8568 3.1445
3.8255 4.9656 4.7595
3.8263 5.7506 5.4911
2.7566 5.2991 3.6947
2.4004 4.3626 3.2776
1.2876 6.1632 4.4958
3.4686 6.3276 2.3031
1.5688 5.9967 4.3436
3.3319 6.1355 2.5715
2.3857 6.2545 3.4072
3.4463 3.6171 5.3851
3.496 2.599 4.6809
2.7682 3.6626 6.546
2.9687 4.3995 7.1646
2.1812 2.4429 7.103
2.8133 1.5937 6.952
2.0282 2.754 8.5822
1.1304 2.2907 8.9593
2.8866 2.3728 9.1151
2.0081 2.3328 9.0382
1.9555 4.2397 8.6608
0.9351 4.5645 8.5272
2.3359 4.5759 9.6139
1.6354 4.5701 9.071
2.406 5.6675 7.1376
3.8285 4.9203 7.8916
3.1174 5.2946 7.515
0.8084 2.1767 6.4614
0.2279 3.1374 5.9134
0.6011 0.9268 6.0597
1.2718 -0.2413 6.6543
-0.2764 0.5698 4.931
0.212 0.9232 4.0296
-0.4294 -0.9411 4.8564
-1.8099 -1.4934 4.0941
-3.8406 -2.4732 3.1095
-2.8238 -2.0102 3.6263
-1.6719 -1.4295 4.1639
-2.924 -1.197 4.7342
-3.0062 -0.477 5.5391
-4.0688 -1.5984 4.0604
-5.0361 -1.2182 4.3536
-3.9661 -2.4994 3.019
-4.8599 -2.9493 2.6049
-2.7221 -2.9657 2.6335
-2.6423 -3.724 1.8684
-1.5818 -2.3992 3.1736
-0.6096 -2.7459 2.8535
-1.636 1.2516 5.0487
-2.3359 1.4276 4.0454
-2.1067 1.4042 6.2839
-1.5629 1.1309 7.053
-3.4539 1.9031 6.5338
-4.1433 1.2835 5.9756
-3.7953 1.795 8.0212
-4.8736 0.7634 8.3221
-6.2269 1.4003 8.5791
-6.5149 1.8256 9.702
-7.1374 1.2556 7.6217
-6.8609 0.8326 6.7815
-8.0217 1.6521 7.7642
-7.4404 1.2447 7.2719
-3.6032 3.3459 6.062
-4.674 3.7461 5.6022
-2.5089 4.1008 6.1115
-1.6557 3.7003 6.3875
-2.4618 5.4088 5.4579
-3.4474 5.8484 5.557
-1.446 6.3159 6.1465
-1.7471 6.578 7.6124
-2.05 8.0322 7.9046
-1.9522 8.4332 9.0865
-2.4736 8.7528 6.9765
-2.1406 5.2683 3.9754
-2.7258 5.9604 3.1351
-1.3343 4.2696 3.629
-0.8667 3.7627 4.3309
-1.2461 3.7786 2.2554
-0.7452 4.5357 1.6676
-0.4139 2.4925 2.2215
-0.812 1.4446 1.1846
-1.4908 1.8904 0.4713
0.7041 0.842 0.245
-1.6914 -0.0024 2.0062
0.4109 0.9574 0.4195
-1.5247 0.2745 1.8491
-0.4973 0.4221 1.122
-2.6277 3.5121 1.6653
-2.8039 3.5086 0.4459
-3.5719 3.1423 2.5201
-3.3618 3.0802 3.4823
-4.8382 2.5514 2.0837
-4.6207 1.7162 1.448
-5.6013 2.0788 3.3198
-6.7412 1.09 3.1353
-7.6714 1.6384 3.025
-6.5078 0.0457 1.5925
-6.9038 -0.0168 4.6555
-6.5468 0.2446 1.8894
-6.8823 0.2085 4.3715
-6.7023 0.0193 3.1261
-5.6775 3.5712 1.3138
-6.2201 3.2634 0.2501
-5.9236 4.7288 1.9277
-5.5282 4.8851 2.8191
-7.0747 5.559 1.5615
-7.92 4.8995 1.4331
-7.3818 6.5493 2.6888
-8.273 5.9477 3.7604
-9.5 6.0157 3.6667
-7.6673 5.1852 4.6654
-6.6877 5.2057 4.7003
-8.2238 4.7128 5.3191
-7.4553 4.9356 4.9927
-6.8246 6.3119 0.2644
-7.7705 6.6545 -0.4578
-5.5932 6.789 0.0732
-4.8775 6.5166 0.6922
-5.1856 7.2858 -1.2457
-5.7415 8.1745 -1.4529
-3.6888 7.5912 -1.2503
-3.3616 9.066 -1.0958
-3.9302 9.9085 -2.2232
-4.8317 10.7297 -1.9514
-3.5827 9.6402 -3.3936
-5.4975 6.2374 -2.3227
-5.3526 6.5329 -3.5191
-5.4005 4.9715 -1.9109
-5.3891 4.7695 -0.9497
-5.7739 3.8795 -2.8192
-5.4703 4.168 -3.8133
-5.0633 2.5833 -2.4201
-5.243 2.4077 -1.3663
-5.7435 1.1172 -3.3756
-5.6149 1.3994 -3.1968
-3.5486 2.7064 -2.6342
-2.5712 1.6882 -1.4025
-2.7338 1.9238 -1.6264
-7.2794 3.6608 -2.8004
-7.8225 2.9575 -3.6629
-7.9352 3.9916 -1.6611
-7.4848 4.7706 -1.1611
-9.3925 4.2881 -1.8023
-9.8527 3.4253 -2.2202
-10.1203 4.6328 -0.1104
-9.9737 4.5627 -0.4317
-9.5936 5.4699 -2.7367
-10.5812 5.4903 -3.4816
-8.5186 6.2132 -3.0649
-7.6691 6.0047 -2.5739
-8.6915 7.594 -3.4925
-9.0291 8.1508 -2.6298
-7.3306 8.1857 -3.9164
-7.3067 9.5853 -3.6853
-9.6842 7.739 -4.6266
-10.2012 8.8401 -4.8748
-9.808 6.7113 -5.4677
-9.3369 5.8708 -5.2599
-10.3508 6.8631 -6.8163
-10.543 5.8775 -7.2085
-9.3296 7.5751 -7.6976
-8.0243 6.8349 -7.9754
-7.3331 7.51 -8.4657
-8.3204 5.3798 -9.1304
-7.2365 6.2542 -6.3696
-8.2644 5.6576 -8.9088
-7.3747 6.3669 -6.6816
-7.7781 5.8172 -7.7497
-11.6725 7.6427 -6.7973
-11.7686 8.6909 -7.4544
-12.4332 7.4375 -5.7126
-12.31 6.6048 -5.2031
-13.388 8.4169 -5.2089
-13.1767 9.358 -5.6867
-13.2718 8.6063 -3.6979
-12.2252 7.7903 -2.9587
-11.6866 7.1896 -3.6711
-10.9533 8.8905 -2.1281
-13.0348 6.6382 -1.7102
-11.2443 8.722 -2.2507
-12.8878 6.866 -1.9486
-12.0072 7.7758 -1.9066
-14.8201 7.984 -5.564
-15.1797 7.9885 -6.7497
-15.4588 7.2637 -4.6451
-15.1221 7.2642 -3.7205
-16.491 6.2988 -5.0142
-17.4508 6.7057 -4.7732
-16.4201 6.0948 -6.0613
-16.9382 6.3993 -5.4183
-16.305 4.9894 -4.2442
-17.2069 4.1495 -4.2325
-15.3189 4.9933 -3.3418
-14.601 5.663 -3.4289
-15.079 3.8524 -2.4844
-15.8341 3.1058 -2.6926
-13.6965 3.2218 -2.7504
-13.6919 2.2221 -2.3381
-13.3786 3.0927 -4.6005
-12.3439 4.2263 -1.9114
-13.4382 3.1159 -4.2458
-12.5926 4.0111 -2.0643
-12.8593 3.6528 -3.2521
-15.1647 4.2393 -1.0157
-15.2496 3.3726 -0.1413
-15.0488 5.5295 -0.703
-15.03 6.1837 -1.442
-14.3622 5.9441 0.5454
-13.3528 6.2206 0.2444
-15.0363 7.2018 1.1053
-16.4824 7.3877 0.7024
-17.3629 6.2545 1.203
-18.5688 6.0493 0.2959
-19.8001 5.7418 1.0756
-20.0947 5.6586 1.2602
-14.2734 4.8799 1.6034
-15.0633 4.8854 2.5869
-13.0856 4.2638 1.8248
-12.3524 4.4954 1.1568
-12.991 2.9647 2.4298
-12.8605 2.2289 1.6178
-11.7378 2.868 3.3192
-11.3625 1.4305 3.6453
-9.8572 1.2648 3.7617
-9.2353 2.3257 4.647
-10.1188 2.705 5.7869
-10.36 2.8436 6.0139
-14.2115 2.537 3.2293
-14.2421 2.7493 4.4551
-15.3502 2.4507 2.524
-15.2734 2.2656 1.551
-16.5435 1.888 3.1716
-16.459 2.0368 4.2235
-17.8047 2.5378 2.6278
-18.4953 3.4789 3.6001
-19.9221 3.7927 3.1905
-20.6865 4.2969 4.0415
-20.2935 3.4716 2.0432
-16.5666 0.3741 2.8692
-17.1995 -0.3719 3.6264
-16.3688 0.078 1.5791
-15.767 0.6536 1.0581
-16.9302 -1.1341 0.9771
-17.5567 -1.5821 1.7481
-17.7357 -0.8306 -0.2543
-18.1502 0.6211 -0.4248
-19.5321 0.8967 0.1474
-19.6208 1.0218 1.3942
-20.5241 0.6092 -0.5621
-15.8112 -2.1394 0.6724
-16.0689 -3.1793 0.0583
-14.6606 -1.9402 1.292
-14.5272 -1.114 1.815
-13.7454 -3.0537 1.574
-14.1955 -3.9548 1.2002
-12.403 -2.8149 0.8987
-12.1677 -1.447 0.2641
-12.8442 -1.3244 -0.5729
-12.5162 -0.0696 1.4952
-10.4073 -1.325 -0.3866
-12.4473 -0.3263 1.2537
-10.7447 -1.3408 -0.2687
-11.4615 -0.695 0.5523
-13.5766 -3.1819 3.0968
-13.9915 -4.186 3.6945
-12.5734 -2.4442 3.5988
-12.471 -1.5293 3.2023
-11.8549 -2.8133 4.7953
-12.5223 -2.8388 5.6348
-11.0874 -2.0722 4.9806
-11.8073 -2.4566 5.3055
-11.151 -4.1736 4.701
-10.4631 -4.5573 5.666
-11.6723 -5.0156 3.8155
-11.9424 -4.6261 2.9453
-11.429 -6.4459 3.8829
-10.9589 -6.6567 4.8344
-12.7469 -7.2157 3.7993
-13.8378 -6.5979 4.6539
-14.9818 -6.4862 4.1662
-13.5407 -6.211 5.8033
-10.4978 -6.8617 2.767
-9.8137 -7.8865 2.8558
-10.638 -6.209 1.6064
-11.0717 -5.3067 1.6382
-9.6109 -6.3375 0.5607
-9.4621 -7.3856 0.377
-10.1129 -5.6578 -0.7166
-9.295 -6.007 -1.9498
-10.0971 -6.8754 -2.9089
-10.9169 -7.8533 -2.1824
-10.4912 -8.3069 -1.421
-12.2432 -7.8938 -2.278
-12.8615 -7.2091 -3.2306
-12.3427 -6.5804 -3.8094
-13.8441 -7.3296 -3.3762
-13.0929 -6.9589 -3.5961
-12.9408 -8.7015 -1.4894
-12.483 -9.1964 -0.7516
-13.9201 -8.8296 -1.6459
-13.2027 -9.012 -1.1979
-8.2876 -5.7008 0.9839
-7.5194 -5.2943 0.0743
-8.277 -5.14 2.1857
-9.0534 -5.207 2.7809
-7.1278 -4.3591 2.655
-6.7361 -3.8356 1.7928
-7.5753 -3.3221 3.6877
-8.4369 -3.7124 4.2125
-6.2231 -2.9753 4.9388
-6.5053 -2.999 4.7161
-7.9988 -2.0287 2.9641
-9.4274 -2.2708 1.7844
-9.1961 -2.2265 2.0591
-6.0586 -5.2789 3.2212
-4.8695 -4.9303 3.2272
-6.4943 -6.2365 4.0527
-7.4552 -6.4241 4.1104
-5.5711 -7.2708 4.5243
-4.62 -6.7897 4.7136
-6.1836 -8.0231 6.1248
-6.0779 -7.8699 5.821
-5.3692 -8.3528 3.4705
-4.4564 -9.1759 3.5875
-6.2425 -8.3987 2.4583
-6.9148 -7.6755 2.3948
-5.8228 -9.0038 1.1818
-5.2792 -9.8921 1.4346
-7.0301 -9.3362 0.3264
-6.8217 -10.5012 -0.6292
-6.6645 -11.8251 0.0954
-7.5224 -12.2109 0.8917
-5.4906 -12.433 -0.0374
-4.8478 -12.06 -0.6771
-5.328 -13.2461 0.4834
-5.0903 -12.6563 -0.1013
-4.8836 -8.035 0.4503
-3.729 -8.4073 0.185
-5.158 -6.74 0.673
-6.0909 -6.4868 0.8577
-4.2394 -5.6845 0.2422
-4.1943 -5.7178 -0.8317
-4.7368 -4.3241 0.6981
-3.9275 -3.0135 0.0629
-2.6125 -1.0762 -0.7005
-3.2935 -2.0436 -0.3567
-4.0353 -3.1458 0.0793
-2.9445 -3.3126 -0.7614
-2.5657 -4.3219 -0.9207
-2.1308 -2.2354 -1.0781
-1.1594 -2.3973 -1.5325
-2.5249 -0.9558 -0.7377
-1.8549 -0.1201 -0.9122
-3.6831 -0.7647 -0.0083
-3.9975 0.2349 0.2523
-4.5038 -1.8485 0.2739
-5.3305 -1.7023 0.9749
-2.8305 -5.9513 0.7884
-1.9072 -6.1329 -0.0246
-2.7878 -6.4733 2.0177
-3.5818 -6.415 2.592
-1.5267 -6.8836 2.6141
-0.7935 -6.1178 2.4091
-1.6556 -7.0774 4.1166
-1.8761 -5.6136 4.9472
-1.9507 -3.7017 6.497
-1.8884 -4.6816 5.7566
-1.8359 -5.7821 4.8883
-2.8291 -5.6826 5.8555
-3.459 -6.547 6.0616
-2.9239 -4.5663 6.6649
-3.7288 -4.4847 7.3808
-1.9565 -3.5847 6.5893
-0.8855 -3.7275 5.7311
-0.0458 -3.045 5.7879
-0.855 -4.7964 4.8546
-0.0182 -4.9106 4.1796
-2.0399 -2.4756 7.4001
-1.0292 -8.1983 1.9809
0.1737 -8.504 2.1784
-1.9566 -9.1675 1.9219
-2.9053 -8.9269 1.9743
-1.602 -10.5215 1.5168
-0.9609 -10.94 2.2826
-2.8373 -11.4214 1.3707
-3.5167 -10.9714 0.6614
-2.357 -13.128 0.7426
-3.5055 -11.5459 2.6352
-2.4512 -12.8038 0.8661
-0.8251 -10.5216 0.1939
0.1391 -11.2876 0.0571
-0.9933 -9.4561 -0.5875
-1.7017 -8.8083 -0.3651
-0.007 -9.0617 -1.5902
0.3289 -9.9609 -2.0893
-0.6484 -8.1352 -2.6255
-1.7923 -8.797 -3.37
-2.5776 -8.0665 -4.0143
-1.9808 -10.0196 -3.2025
1.1923 -8.3791 -0.9455
2.337 -8.6268 -1.3321
0.9376 -7.52 0.0436
-0.0012 -7.301 0.2505
1.9734 -6.6537 0.5793
2.4526 -6.1691 -0.2811
1.3354 -5.5036 1.4103
1.063 -4.2715 0.527
1.4554 -4.5302 -0.443
1.9641 -2.7363 1.0977
-0.7643 -3.9373 0.3088
1.7816 -3.0656 1.0864
-0.43 -4.0296 0.4262
0.5896 -3.3635 0.776
3.0226 -7.3826 1.3754
4.2185 -6.9882 1.319
2.7239 -8.6127 1.7971
1.9445 -9.0774 1.4042
3.682 -9.4153 2.5489
4.4554 -8.7574 2.9132
2.992 -10.0837 3.7413
3.9423 -10.3131 4.9031
4.764 -11.2304 4.8701
3.9671 -9.3663 5.8362
3.2791 -8.6679 5.8011
4.5973 -9.4685 6.5797
3.9408 -9.0659 6.1883
4.3176 -10.4793 1.657
5.5183 -10.429 1.384
3.4659 -11.2718 1.0066
2.5184 -11.2761 1.2594
3.9402 -12.3226 0.1122
4.3693 -13.1063 0.7194
2.7963 -12.9197 -0.7231
3.1916 -13.7413 -1.3023
1.445 -13.5967 0.3981
1.7026 -13.4664 0.1833
2.2233 -11.8678 -1.677
0.674 -12.4318 -2.5657
0.9696 -12.3218 -2.3917
5.0208 -11.788 -0.8296
6.0425 -12.4458 -1.0405
4.8898 -10.5246 -1.2278
4.0875 -10.0182 -0.9651
6.0389 -9.7516 -1.7114
6.9291 -10.3153 -1.4748
6.0966 -8.404 -0.9919
7.5151 -7.9635 -0.6872
7.9181 -8.0393 0.493
8.1984 -7.4796 -1.6136
5.9702 -9.5514 -3.222
5.6526 -10.4906 -3.9636
6.5054 -8.4331 -3.7002
6.7965 -7.7327 -3.0705
6.864 -8.2963 -5.1089
6.0535 -7.8353 -5.6346
7.0806 -9.2579 -5.516
6.564 -8.5483 -5.577
8.1038 -7.4067 -5.2524
9.162 -7.8859 -5.6617
8.0497 -6.2394 -4.6136
7.1756 -5.8919 -4.3246
9.2439 -5.5002 -4.2449
9.5592 -4.9195 -5.0932
10.3674 -6.4583 -3.8423
11.7071 -6.1406 -4.485
12.7005 -7.2748 -4.2922
13.0897 -7.8844 -5.5614
12.6034 -7.6084 -6.3662
14.099 -8.7397 -5.6868
14.8141 -9.0866 -4.6253
14.6233 -8.6689 -3.7368
15.5489 -9.7593 -4.715
15.0814 -9.2195 -4.2246
14.3772 -9.2705 -6.8707
13.8458 -9.0049 -7.6746
15.1323 -9.9191 -6.9625
14.4886 -9.4635 -7.3182
8.937 -4.5568 -3.0867
9.6614 -4.5506 -2.0839
7.7129 -4.0335 -3.0697
7.1799 -4.0496 -3.9
7.0516 -3.5902 -1.8471
7.1364 -2.5152 -1.7821
5.5569 -3.9383 -1.9224
4.6018 -2.5848 -1.696
2.7873 -0.9489 -1.3755
3.7705 -1.6903 -1.53
4.6649 -2.7448 -1.7187
4.3124 -2.3366 -0.4407
4.7295 -2.8499 0.4141
3.5002 -1.2203 -0.2599
3.1074 -1.0301 0.7438
2.7412 -0.7823 -1.3518
2.1545 0.1325 -1.1986
3.2733 -0.9994 -2.6161
2.8196 -0.5284 -3.4776
4.2804 -1.9381 -2.7892
4.5363 -2.262 -3.7948
7.6662 -4.2095 -0.5983
7.7423 -5.4351 -0.4753
8.3249 -3.3733 0.2007
8.2449 -2.4059 0.0659
9.2183 -3.8465 1.2597
9.0721 -4.9126 1.3548
10.6683 -3.5642 0.8899
11.5176 -2.7472 1.8514
10.8779 -2.1726 2.515
12.5873 -3.871 2.9185
12.5979 -1.5247 0.9084
12.3781 -3.6521 2.7224
12.3919 -1.7561 1.0914
12.5887 -2.6978 1.9151
8.8688 -3.1821 2.5876
8.834 -1.9548 2.6751
8.6444 -3.986 3.6263
8.77 -4.9587 3.5082
8.2198 -3.4859 4.9069
8.4067 -4.2895 5.655
6.3313 -3.2597 4.9094
6.6871 -3.3261 4.9098
8.8697 -2.2809 5.5452
8.5512 -2.0698 6.768
10.0154 -1.7925 5.0825
10.2199 -2.0287 4.1429
11.0085 -1.1312 5.8989
11.6683 -0.5654 5.2604
10.2855 -0.1472 6.8425
9.4217 0.8925 6.1278
9.2602 1.6986 6.8184
7.7451 0.1907 5.6569
10.3192 1.5385 4.6081
8.0513 0.3549 5.7574
10.1403 1.435 4.9029
9.0304 0.8675 5.1348
11.8234 -2.1177 6.7242
11.3083 -3.1442 7.1735
13.0559 -1.7331 7.0473
13.4189 -0.9008 6.6773
5.3437 -0.9833 9.1582
6.2953 -1.1176 9.3481
4.9692 -0.0713 8.0873
3.9017 0.0588 8.1058
5.6373 1.3059 8.2449
6.6921 1.2062 8.0192
4.8809 2.5281 7.0311
5.4858 1.7835 9.5834
5.0486 2.3257 7.2767
5.3682 -0.6476 6.7227
6.3017 -1.4547 6.6685
5.0325 0.1069 5.6673
4.3025 0.7615 5.7729
5.3848 -0.3009 4.3163
6.0415 -1.1464 4.3665
4.1265 -0.6649 3.5223
3.4932 -1.948 3.9828
2.5259 -2.0761 4.9403
3.9594 -3.2734 3.7013
4.847 -3.8112 2.7603
3.1952 -4.1586 4.4887
2.2885 -3.4072 5.1896
2.0749 -1.2453 5.4699
5.5362 -3.1564 2.2279
5.1929 -5.1574 2.8969
3.399 -5.536 4.4698
1.5502 -3.762 5.7308
5.8879 -5.591 2.1863
4.4464 -6.0111 3.7236
2.7403 -6.2162 4.9941
4.5697 -7.0815 3.5998
6.1136 0.8316 3.5692
5.4526 1.8523 3.2882
7.1409 0.4505 2.8092
7.5297 -0.4428 2.9506
7.5067 1.1766 1.5881
6.6933 1.8226 1.3213
8.3917 1.7398 1.7702
7.5418 1.7849 1.5467
7.7582 0.2016 0.4428
6.861 -0.5406 0.0455
9.0137 0.1141 -0.0017
9.7006 0.7001 0.3872
9.3102 -0.5511 -1.254
8.6901 -1.4317 -1.3239
8.9907 0.3743 -2.4354
7.698 1.1894 -2.3038
7.6662 1.64 -1.3258
7.6238 2.5787 -3.5658
6.2038 0.0634 -2.4906
7.6986 2.2755 -3.3634
6.4869 0.2785 -2.4462
6.9299 1.3117 -3.0372
10.7702 -0.9751 -1.3344
11.6486 -0.2139 -0.8731
11.0674 -1.7682 -2.3787
10.3477 -2.1365 -2.9361
12.403 -2.3571 -2.4807
12.6769 -2.712 -1.4962
12.3905 -3.542 -3.4474
13.78 -4.0117 -3.8511
14.7108 -4.0811 -2.6487
16.0867 -3.7307 -3.0088
16.2435 -3.4286 -3.93
17.1383 -4.0641 -2.2651
16.9607 -4.5468 -1.0428
16.038 -4.7527 -0.7172
17.7488 -4.7009 -0.446
16.8935 -4.7264 -0.5814
18.3664 -3.8205 -2.7048
18.5043 -3.4567 -3.6254
19.1519 -3.9758 -2.1059
18.8286 -3.7187 -2.8661
13.4281 -1.3243 -2.9332
14.6245 -1.4692 -2.6758
12.9565 -0.2716 -3.5928
11.9903 -0.1716 -3.7252
13.8461 0.6715 -4.2628
13.2363 1.3671 -4.8188
14.769 -0.0704 -5.2323
15.8253 0.7643 -5.6733
14.6794 1.4496 -3.247
15.7048 2.0366 -3.6001
14.1655 1.5631 -2.0245
13.2382 1.2536 -1.8634
14.7221 2.4994 -1.0501
15.0176 3.392 -1.5805
13.6603 2.8691 -0.0124
12.4079 3.4318 -0.6164
12.0423 3.3895 -1.9317
11.3006 4.0009 0.0916
11.0852 4.3613 1.4249
10.3007 4.2864 -0.8586
10.7786 3.9071 -2.0853
12.6762 3.0286 -2.7274
11.8362 4.1825 2.1805
9.8865 4.9571 1.7684
9.0977 4.8962 -0.5124
10.2929 3.9795 -2.9339
9.6799 5.191 2.8026
8.907 5.224 0.8027
8.3479 5.142 -1.2507
7.9838 5.6857 1.1169
15.9485 1.9095 -0.3563
16.2398 2.2631 0.7912
16.8032 1.2549 -1.1388
16.5446 1.0304 -2.0574
18.147 0.9023 -0.693
18.8157 1.0266 -1.5347
18.1887 -0.5621 -0.247
16.6585 -1.1543 0.1413
14.4179 -1.953 0.7661