10.6618 6.1519 3.2993
9.6133 6.8781 4.5075
10.1434 6.4945 3.92
8.6385 5.4993 3.2171
8.3062 6.6106 2.7956
8.7092 4.425 2.4339
9.0912 3.5924 2.7727
8.1303 4.4324 1.1005
7.921 3.4183 0.8087
6.7964 5.2105 1.0846
7.0304 6.2622 1.0252
5.8542 4.9092 2.6859
6.0251 4.9751 2.3774
5.949 4.8095 -0.1215
6.2253 5.8867 -1.6277
6.1444 5.6758 -1.3448
9.08 5.0715 0.1061
8.706 5.3151 -1.0523
10.1548 5.6813 0.6234
10.3864 5.5119 1.5639
11.2307 6.1439 -0.2597
10.9133 5.9176 -1.2797
11.4289 7.6446 -0.1294
12.6262 8.0779 0.684
13.7025 8.7147 -0.1814
15.0568 8.6964 0.5089
15.9865 9.7098 -0.0623
16.1997 9.9741 -0.1748
12.5214 5.3858 0.0143
13.325 5.1609 -0.8949
12.7445 5.0327 1.2783
12.1415 5.3573 1.9842
14.0344 4.4839 1.696
14.009 4.3486 2.7634
15.1568 5.4616 1.3404
16.5445 4.9634 1.7099
17.4732 4.8893 0.5125
18.6905 5.026 0.646
16.9135 4.5697 -0.6487
15.9639 4.3205 -0.6527
17.4794 4.5623 -1.4472
16.717 4.4587 -1.0526
14.2901 3.1357 1.0301
15.4303 2.8091 0.6954
13.2048 2.476 0.6102
12.3257 2.7272 0.994
13.3291 1.0891 0.1507
14.3735 0.9261 -0.0888
12.4866 0.8561 -1.093
11.0268 1.7164 -1.067
8.7889 2.7456 -1.2404
9.9027 2.2164 -1.1679
11.1699 1.6137 -1.0842
10.9 2.5759 -2.0488
11.6842 2.869 -2.7323
9.6389 3.128 -2.1736
9.4426 3.8602 -2.9434
8.6335 2.7257 -1.3196
8.8467 1.6828 -0.4401
8.0761 1.4316 0.2857
10.1502 1.2638 -0.206
10.3524 0.5352 0.5658
7.3413 3.1559 -1.5506
12.9297 0.1186 1.2603
11.9143 0.3214 1.9325
13.9187 -0.6717 1.7025
14.675 -0.8424 1.0821
13.6517 -1.7037 2.706
13.0448 -1.2692 3.4773
14.9645 -2.2064 3.305
16.0457 -2.0216 2.4088
12.8884 -2.8702 2.074
12.2433 -2.6656 1.0336
12.6167 -3.8887 2.8865
13.0324 -3.9349 3.7717
11.7557 -4.9848 2.4604
10.8504 -4.5474 2.0532
11.3756 -5.8644 3.6541
10.4564 -7.0073 3.3004
11.1622 -8.2653 2.8573
10.518 -9.2886 2.5986
12.4799 -8.2044 2.7173
12.9262 -7.351 2.888
12.9577 -9.0145 2.4382
12.9393 -8.1829 2.6614
12.4139 -5.8288 1.3796
11.73 -6.5001 0.5984
13.7504 -5.8837 1.3698
14.2403 -5.2563 1.9648
14.4554 -6.2744 0.1379
14.1822 -7.2904 -0.0802
15.9619 -6.1756 0.3434
16.776 -6.2759 -0.9336
18.1511 -5.6501 -0.805
19.1103 -6.3923 -0.4984
18.3036 -4.4672 -1.18
14.015 -5.3818 -1.0223
14.1098 -5.7737 -2.1862
13.6567 -4.1396 -0.7097
13.7755 -3.8294 0.2301
13.6081 -3.0866 -1.723
14.4225 -3.2406 -2.4108
13.7521 -1.7198 -1.0612
14.8764 -0.8685 -1.6205
16.1846 -1.6322 -1.7318
16.6608 -2.1286 -0.6861
16.8691 -1.4687 -2.7703
12.2917 -3.1468 -2.5064
12.2918 -2.9298 -3.7266
11.1775 -3.0456 -1.7803
11.1927 -3.3477 -0.8472
9.9665 -2.4027 -2.2936
10.2023 -1.3881 -2.5407
8.8571 -2.4548 -1.2527
9.2861 -2.177 0.1952
10.3502 -1.9907 0.2116
8.9452 -3.6706 1.2813
8.4293 -0.6475 0.8636
9.0062 -3.3856 1.0717
8.562 -0.9507 0.7258
8.6685 -2.1643 1.0684
9.5327 -3.1353 -3.585
10.1356 -2.815 -4.6355
9.0941 -4.3754 -3.4089
8.8242 -4.6647 -2.5005
9.1315 -5.3987 -4.4463
8.3206 -6.0906 -4.2544
10.4558 -6.1725 -4.3612
10.9054 -6.4483 -2.9398
9.9467 -7.378 -2.2158
9.0399 -6.62 -1.2643
9.7494 -5.4973 -0.588
9.9353 -5.284 -0.3614
8.9659 -4.8344 -5.8533
9.4044 -5.4731 -6.8226
8.2783 -3.7134 -5.9908
7.9853 -3.2333 -5.182
8.4465 -2.901 -7.2155
8.3104 -3.5735 -8.0491
9.8612 -2.3284 -7.2552
10.9518 -3.3822 -7.1753
12.3485 -2.7893 -7.2532
13.1533 -3.0691 -6.3355
12.7192 -2.3151 -8.3517
7.4121 -1.8027 -7.2664
6.7836 -1.5722 -8.3105
7.2202 -1.0993 -6.1518
7.8701 -1.1948 -5.4134
6.3828 0.1045 -6.1437
6.4359 0.535 -7.1365
6.9041 1.1123 -5.1352
8.3619 0.9575 -4.751
9.4434 2.1318 -5.5864
10.7868 0.7955 -6.6037
10.5922 1.0143 -6.3932
4.9298 -0.2711 -5.8571
4.5647 -1.4517 -5.9643
4.0491 0.7458 -5.9246
4.3976 1.62 -5.5387
2.6337 0.5254 -5.7411
2.1713 0.1153 -6.5994
1.6634 2.12 -5.3041
2.0009 1.8577 -5.4362
2.3862 -0.4591 -4.5594
3.1 -0.3558 -3.5555
1.1718 -1.0197 -4.4914
0.5927 -0.9406 -5.2957
0.3904 -0.8828 -3.197
1.0765 -1.0142 -2.4276
-0.7906 -1.7821 -3.1995
-2.1959 -1.2062 -3.2008
-2.2914 -0.4902 -2.39
-3.4703 -2.5673 -2.9081
-2.5487 -0.3005 -4.8091
-3.2275 -2.305 -2.9597
-2.5101 -0.4822 -4.5043
-3.0157 -1.4346 -3.8548
0.0323 0.6221 -3.1368
0.8471 1.3278 -2.4353
-0.3347 1.1732 -4.314
-0.5491 0.541 -5.0667
-0.7769 2.4938 -4.4114
-1.2974 2.6697 -5.3342
-1.8647 2.8567 -3.3189
-2.6777 2.2348 -3.4312
-2.1332 4.6341 -3.7991
-0.9887 2.7489 -1.674
-2.3151 4.3097 -3.6106
-1.2663 2.7268 -1.9423
-1.7651 3.6796 -2.6388
0.2704 3.5988 -4.2538
0.2656 4.3307 -3.2512
0.6176 4.1632 -5.4256
0.6997 3.5445 -6.204
1.3254 5.4431 -5.52
0.5898 6.2278 -5.462
2.068 5.538 -6.851
1.2478 6.1552 -7.9697
2.0747 6.4756 -9.1972
1.9614 5.7378 -10.1994
2.9029 7.4089 -9.1303
2.3278 5.6519 -4.3636
2.2313 6.6886 -3.6706
2.6972 4.5204 -3.768
2.7178 3.6908 -4.3139
3.2913 4.4095 -2.4378
4.2755 4.8615 -2.4839
3.4648 2.9106 -2.1434
2.9268 2.3778 -2.9503
2.669 2.4268 -0.5437
2.9116 2.4632 -0.8225
4.9328 2.4964 -2.2587
5.1667 0.8546 -3.1286
5.1303 1.1278 -2.8761
2.4584 5.1284 -1.4005
2.7154 6.3002 -1.0675
1.2848 4.6126 -1.0791
1.0763 3.6818 -1.4418
0.1845 5.2557 -0.4252
-0.128 4.628 0.41
-1.2707 5.3145 -1.6159
-1.0434 5.4641 -1.3308
0.5052 6.6408 0.1325
0.5032 6.8617 1.3352
0.6234 7.5825 -0.805
0.7489 7.3692 -1.7342
0.5489 9.0066 -0.4058
-0.4766 9.0956 -0.0546
0.7785 9.8905 -1.6174
1.0729 11.3248 -1.2869
2.0505 12.0515 -1.9367
0.3716 12.2176 -0.549
2.7431 11.6804 -2.5217
1.9728 13.3178 -1.5676
0.9443 13.4508 -0.7496
-0.5546 12.0256 -0.0193
2.647 14.1068 -1.8659
1.5171 9.3256 0.7173
1.374 10.3421 1.4109
2.418 8.3956 1.039
2.4639 7.58 0.4764
3.292 8.4755 2.1799
3.7789 9.45 2.1742
4.4108 7.4102 2.0503
5.0323 7.4147 0.6537
6.137 8.4497 0.5328
6.5625 8.7253 -0.6081
6.6538 8.8877 1.5817
2.5625 8.3016 3.4972
2.7045 9.135 4.4002
1.7257 7.2571 3.5983
1.7502 6.5678 2.9098
0.8872 7.0929 4.7727
1.5211 7.2202 5.6483
0.1267 5.8048 4.871
0.1853 4.6935 3.8812
-0.2391 3.7755 4.347
1.9415 4.2534 3.377
-0.8697 5.0278 2.3543
1.6086 4.3503 3.4706
-0.6784 4.9567 2.654
0.5378 4.6614 2.8692
-0.1296 8.2784 4.8189
-0.4354 8.7254 5.9274
-0.9649 8.2907 3.7873
-0.7632 7.796 2.9688
-2.2069 9.0746 3.8219
-2.6323 8.9524 4.8091
-3.177 8.5286 2.7837
-3.9042 9.6754 1.8202
-5.0706 11.3205 0.4073
-4.5052 10.4883 1.1161
-3.861 9.5449 1.9201
-4.45 10.6678 2.4802
-4.4149 10.8053 3.5521
-5.0885 11.6024 1.6874
-5.5321 12.479 2.1366
-5.1388 11.4251 0.3184
-5.647 12.15 -0.3
-4.5869 10.2923 -0.2486
-4.6191 10.1554 -1.3193
-3.8854 9.3998 0.5412
-3.3508 8.579 0.0846
-1.8989 10.5512 3.6016
-2.3799 11.4085 4.3507
-0.8671 10.8135 2.8011
-0.4703 10.0924 2.2653
-9.5672 6.0383 3.8481
-8.8248 3.8886 4.7346
-7.1643 6.4245 4.0898
-8.7905 4.1786 4.5224
-7.4868 6.2952 4.1832
-7.9908 5.1544 4.4089
-11.8697 6.4714 4.2472
-12.4653 6.5761 3.1793
-11.7071 5.2834 4.9012
-11.4066 5.3179 5.8154
-12.4971 4.1286 4.4557
-13.4556 4.4991 4.0576
-12.8216 3.4263 5.8004
-12.9131 2.3622 5.6346
-13.7366 3.7982 6.2272
-13.3246 3.0843 5.929
-11.6478 3.7393 6.6624
-10.8551 3.0316 6.4801
-11.9401 3.7179 7.7029
-11.3988 3.3744 7.0924
-10.1329 5.2099 6.3375
-11.6939 5.8588 6.8979
-10.9109 5.5351 6.619
-11.8962 3.1508 3.5076
-12.5677 2.0064 3.4287
-11.3714 3.4441 2.272
-10.9449 4.9029 2.1181
-10.4506 2.543 1.6453
-10.9946 1.7543 1.1393
-9.629 3.2667 0.5378
-8.9802 2.0212 -0.386
-8.144 -0.1103 -1.2982
-8.5619 0.9546 -0.843
-9.0167 2.1961 -0.391
-9.8957 1.2781 -0.9617
-10.9158 1.5887 -1.1568
-9.4134 0.1152 -1.5349
-10.0746 -0.5228 -2.1027
-8.0839 -0.2291 -1.3772
-7.7183 -1.165 -1.7747
-7.2341 0.6046 -0.6775
-6.2697 0.2155 -0.3346
-7.6987 1.8178 -0.202
-7.06 2.419 0.4364
-9.4534 1.8805 2.6062
-8.2378 1.9176 2.3451
-9.9357 0.9935 3.4706
-10.9162 0.9048 3.5549
-9.2031 -0.2467 3.8094
-8.9239 -0.7023 2.8708
-10.1419 -1.1954 4.5574
-11.4903 -1.3791 3.8793
-11.7868 -2.8302 3.5519
-12.9425 -3.1998 3.3264
-10.7354 -3.611 3.3277
-9.8422 -3.2381 3.4863
-10.8951 -4.5335 3.0421
-10.3687 -3.8864 3.2674
-7.9614 0.0404 4.6247
-7.1488 -0.8819 4.8401
-7.981 1.1413 5.3768
-8.6707 1.8185 5.215
-6.9001 1.439 6.3123
-6.7069 0.5315 6.8757
-7.2807 2.5497 7.2705
-8.3845 2.1797 8.2502
-9.0295 3.4061 8.8735
-10.2318 3.3311 9.209
-8.2833 4.3489 9.2121
-5.6174 1.796 5.5513
-4.6237 1.0482 5.6949
-5.8062 2.4389 4.396
-6.6428 2.9495 4.273
-4.7921 2.5277 3.3544
-4.062 3.2587 3.6465
-5.4522 2.9784 2.0418
-5.3943 4.4747 1.7416
-5.2797 5.0188 2.6692
-3.9134 4.8589 0.6474
-6.9933 5.0305 0.9215
-4.1976 4.802 0.8608
-6.684 4.9423 1.0825
-5.4515 4.9638 0.7898
-4.1036 1.1854 3.1158
-2.8979 1.0425 3.3057
-4.9052 0.1552 2.837
-5.8805 0.2799 2.8451
-4.3724 -1.0405 2.1846
-4.1715 -0.8044 1.159
-5.4595 -2.1384 2.1753
-6.5528 -1.8896 1.1261
-6.7721 -0.8312 1.1056
-5.9566 -2.3924 -0.5817
-8.114 -2.8141 1.5907
-6.0699 -2.3 -0.2539
-7.8238 -2.6274 1.5004
-7.0394 -2.6043 0.5022
-3.1262 -1.5575 2.8841
-2.1288 -1.8874 2.2317
-3.2614 -1.838 4.1757
-3.9995 -1.4346 4.681
-2.2834 -2.6527 4.8945
-1.8173 -3.321 4.1829
-2.9793 -3.4679 5.9847
-4.2744 -2.8205 6.4484
-4.2494 -1.7213 7.0141
-5.3934 -3.3191 5.9304
-5.3292 -4.1196 5.3685
-6.2446 -2.9205 6.2098
-5.7867 -3.5247 5.7969
-1.2082 -1.7661 5.5126
-0.1469 -2.2559 5.9169
-1.5961 -0.5456 5.9077
-2.4959 -0.2318 5.6663
-0.5829 0.4734 6.2078
-0.0668 0.1568 7.1017
-1.2546 1.8214 6.4655
-2.5895 1.721 7.1786
-2.4945 2.0429 8.658
-3.4969 2.5616 9.2079
-1.5903 1.4783 9.3198
0.4234 0.5964 5.0711
1.5448 1.0675 5.2722
0.0363 0.1234 3.885
-0.9194 -0.0436 3.7279
0.9551 0.0429 2.7639
1.5298 0.9684 2.7473
0.2527 -0.0974 1.4043
0.1731 -1.1618 1.1767
1.2967 0.6855 0.0464
1.1309 0.5057 0.3093
-1.1433 0.4785 1.4412
-1.4162 1.9908 0.4118
-1.3832 1.7952 0.744
1.9339 -1.1157 2.9782
2.9732 -0.9182 3.6223
1.3729 -2.3522 2.9195
0.62 -2.4348 2.2672
2.338 -3.4791 2.7799
3.1111 -3.0862 2.136
1.5548 -4.9488 1.9273
1.6485 -4.6387 2.0962
2.9377 -3.8919 4.1118
3.6112 -4.9511 4.1309
2.2585 -3.519 5.206
1.651 -2.7539 5.1365
2.6191 -4.0242 6.5258
2.8468 -5.0874 6.3893
1.4876 -3.854 7.5137
1.8664 -4.1649 8.8389
3.8964 -3.3552 7.0361
4.6441 -3.9654 7.8069
4.2254 -2.178 6.5037
3.623 -1.7806 5.8323
5.6481 -1.7841 6.4189
6.128 -2.1655 7.3056
5.7694 -0.2651 6.3777
5.0538 0.4853 7.5112
5.4598 1.4783 7.5909
5.3336 -0.3978 9.1484
3.2162 0.6169 7.1359
5.2808 -0.2288 8.8348
3.5669 0.594 7.209
4.2748 0.1115 8.1429
6.2851 -2.4109 5.1896
7.2752 -1.8897 4.6571
5.9314 -3.6703 4.9245
5.1037 -4.0254 5.325
6.2656 -4.2494 3.5926
7.2732 -3.9195 3.379
5.2988 -3.7372 2.5725
4.9086 -4.3621 1.2878
3.7954 -4.4339 1.2178
5.4061 -3.301 -0.1954
5.5144 -6.1195 1.0911
5.3155 -3.5103 0.0787
5.404 -5.7874 1.0928
5.4962 -4.7063 0.4497
6.2723 -5.7722 3.7239
5.6736 -6.3175 4.6581
7.2371 -6.3942 3.041
7.597 -5.9432 2.2392
7.4371 -7.83 3.1839
8.4303 -8.0874 2.8946
7.2608 -8.1083 4.2058
7.848 -8.0954 3.5526
6.4571 -8.6076 2.297
6.7974 -9.6754 1.7795
5.1777 -8.2552 2.3959
4.9512 -7.3943 2.8266
4.0844 -9.1801 2.1415
4.462 -10.1239 1.8536
3.1489 -8.6241 1.0454
2.4245 -9.3874 0.802
4.1175 -8.2083 -0.5076
2.224 -7.1142 1.6866
3.9348 -8.2862 -0.2073
2.3954 -7.4054 1.5621
3.17 -7.661 0.5902
3.2493 -9.3312 3.433
3.7267 -8.8816 4.4898
1.9589 -9.583 3.3009
1.6098 -9.7563 2.3817
0.9658 -8.8535 4.172
1.3896 -7.8714 4.3019
1.0157 -9.5796 5.5423
0.4764 -11.0023 5.4529
1.3958 -11.8913 4.6279
0.6446 -13.0731 4.0373
0.1863 -14.0173 5.0985
0.0228 -14.2123 5.351
-0.4381 -8.8054 3.6916
-1.3455 -9.344 4.4208
-0.8727 -7.7968 2.8943
-0.1089 -7.3482 2.3863
-2.1597 -7.7428 2.2916
-2.0506 -7.1304 1.3604
-3.1391 -6.9407 3.1903
-4.5292 -6.8487 2.5831
-4.5791 -5.8341 1.4561
-3.8871 -4.5375 1.8057
-3.9557 -4.2199 3.2621
-4.0592 -4.0937 3.5839
-2.8064 -9.0461 1.9229
-3.9598 -9.0853 1.4089
-2.1853 -10.1766 2.2576
-1.2018 -10.1779 2.19
-2.9084 -11.4224 2.488
-3.6564 -11.244 3.2411
-1.9646 -12.5257 2.951
-2.3682 -13.1666 4.2691
-3.3736 -14.2882 4.087
-4.5601 -13.9868 3.8283
-3.0174 -15.4503 4.3819
-3.6132 -11.8493 1.1908
-4.5439 -12.6543 1.2336
-2.9356 -11.5887 0.074
-2.1439 -11.0141 0.0993
-3.2433 -12.2731 -1.1849
-2.5681 -11.8722 -1.9281
-3.1278 -13.7593 -1.0718
-2.658 -14.2935 0.271
-3.5814 -15.3727 0.8162
-4.4792 -15.0113 1.6172
-3.646 -16.4527 0.1851
-4.6732 -11.8667 -1.6364
-5.3197 -12.6219 -2.3546
-4.9262 -10.5588 -1.5465
-4.3304 -9.988 -1.0184
-5.8405 -9.8914 -2.4865
-5.9543 -10.5941 -3.3208
-5.2423 -8.6129 -3.0141
-4.8925 -7.4174 -2.1889
-5.7632 -6.7436 -2.1429
-4.4465 -7.87 -0.4231
-3.493 -6.4126 -2.974
-4.5259 -7.7337 -0.7462
-3.7678 -6.6004 -2.8354
-3.9723 -7.1423 -1.7055
-7.215 -9.7094 -1.8672
-8.2283 -10.2346 -2.3688
-7.2967 -8.8134 -0.8844
-6.5039 -8.749 -0.2728
-8.5616 -8.2116 -0.5107
-9.1473 -8.9115 0.0525
-8.3618 -7.3437 0.1017
-8.7507 -8.1304 0.0745
-9.3928 -7.7433 -1.7103
-10.6163 -7.5713 -1.5578
-8.8408 -7.9055 -2.8956
-7.8525 -7.9054 -2.9547
-9.5953 -7.7535 -4.1253
-10.6121 -7.5053 -3.8697
-9.5722 -9.0425 -4.9396
-10.9253 -9.3987 -5.5284
-10.9608 -10.2522 -6.4428
-11.9487 -9.0213 -4.9168
-8.9862 -6.6124 -4.9151
-9.6916 -5.7388 -5.4233
-7.6525 -6.557 -4.9494
-7.1317 -7.2183 -4.4329
-6.9508 -5.3081 -5.2814
-7.214 -5.0483 -6.2926
-5.4387 -5.5308 -5.1931
-4.6669 -4.9669 -6.3737
-4.7937 -5.8598 -7.5994
-6.164 -5.8923 -8.1051
-6.7129 -5.091 -7.9762
-6.7215 -6.9692 -8.6471
-6.0094 -8.0751 -8.8142
-5.0657 -8.1152 -8.4861
-6.4214 -8.8739 -9.2534
-5.7403 -8.4909 -8.8796
-7.977 -6.9233 -9.074
-8.5147 -6.089 -8.9565
-8.3857 -7.7235 -9.5117
-8.4491 -6.9056 -9.2375
-7.3607 -4.179 -4.3418
-7.5391 -3.0347 -4.7991
-7.9463 -4.5577 -3.2056
-7.9275 -5.5028 -2.9372
-8.4985 -3.5924 -2.2569
-7.6781 -3.0589 -1.8092
-9.3027 -4.3178 -1.1683
-9.8616 -5.1178 -1.6448
-10.5388 -3.151 -0.3671
-10.3078 -3.3968 -0.491
-8.3778 -4.938 -0.1203
-6.8273 -5.6967 -0.8424
-7.0997 -5.5257 -0.667
-9.4019 -2.589 -2.9793
-8.8999 -1.5636 -3.464
-10.5012 -3.1293 -3.5307
-10.829 -3.9937 -3.1907
-11.4914 -2.2562 -4.1728
-11.9619 -1.672 -3.3975
-12.812 -3.2978 -5.0115
-12.559 -3.0979 -4.8521
-10.828 -1.3211 -5.1744
-11.1115 -0.1217 -5.2041
-9.8821 -1.8517 -5.9471
-9.6578 -2.8027 -5.855
-9.3424 -1.1262 -7.0923
-8.8179 -1.8293 -7.7156
-10.4751 -0.4862 -7.8969
-11.3465 -1.4852 -8.6401
-12.7452 -0.9427 -8.8948
-12.9087 0.2589 -9.1293
-13.7501 -1.7328 -8.5275
-13.5421 -2.6655 -8.3048
-14.6582 -1.3673 -8.5426
-14.101 -2.0166 -8.4251
-8.363 -0.0408 -6.6421
-8.6883 1.1517 -6.7116
-7.3774 -0.4546 -5.8487
-7.0954 -1.3985 -5.8982
-6.5653 0.4659 -5.0597
-5.7754 0.8356 -5.6988
-5.9427 -0.265 -3.8717
-5.0522 0.6933 -2.8395
-3.8681 2.1364 -1.2266
-4.4803 1.4144 -2.0214
-5.1533 0.6016 -2.9383
-4.4964 0.0484 -1.8438
-4.6568 -1.0024 -1.6154
-3.8898 0.8613 -0.9025
-3.3924 0.4209 -0.051
-3.9246 2.2318 -1.0587
-3.4103 2.8668 -0.3439
-4.5504 2.7909 -2.1539
-4.4254 3.8507 -2.3626
-4.9929 1.9589 -3.1777
-5.317 2.3723 -4.1223
-7.3918 1.655 -4.5704
-7.1469 2.7906 -5.0083
-8.5763 1.355 -4.0377
-8.7683 0.4281 -3.7817
-9.4905 2.3965 -3.5818
-9.0905 2.8094 -2.6654
-6.9296 3.1182 -2.0082
-5.2051 4.7269 -2.6367
-5.0651 2.4065 -0.6006
-3.8698 8.1743 -3.9223
-3.4947 7.0773 -1.75
-3.6963 7.6031 -2.845
-3.9031 8.2334 -4.0734
-4.8228 8.3691 -3.0455
-5.7426 8.9094 -3.2251
-4.6109 7.7596 -1.8226
-5.3184 7.9048 -1.0193
-3.4843 6.9862 -1.6249
-3.3017 6.5349 -0.6604
-9.3274 5.9184 1.9605
-8.1179 8.667 -2.1771
-9.638 7.7372 -3.361
-11.1002 6.1468 -2.2829
-11.1021 5.0085 0.3323
-9.3956 8.3026 -4.2487
-10.7482 6.8816 -3.3825
-11.9179 5.4426 -2.3346
-11.3049 6.781 -4.3013
-8.1968 14.3261 -3.8686
-8.0247 15.2173 -3.0362
-7.52 13.1825 -3.8542
-7.749 12.4701 -4.488
-6.519 12.9254 -2.8248
-6.4283 11.8662 -2.6842
-6.8346 13.3904 -1.9102
-6.6316 12.6278 -2.2972
-5.161 13.4924 -3.2226
-5.0328 14.6887 -3.4786
-4.1388 12.6403 -3.2103
-4.2996 11.6937 -3.0042
-2.83 13.0238 -3.6997
-2.6904 12.5677 -4.6722
-1.732 12.519 -2.7589
-2.1505 11.4729 -1.7264
-3.0732 11.7873 -1.255
-0.8423 11.3034 -0.3878
-2.4656 9.8153 -2.5585