1.404 -3.5851 10.1533
-0.2611 -4.2191 10.7305
3.6953 5.6446 10.1772
4.5015 5.7852 11.4578
4.3804 7.4342 12.1772
5.0859 7.0605 14.1734
4.9802 7.1247 13.8359
2.3794 7.2783 8.8148
3.5003 7.5176 8.3644
1.453 6.6025 8.1313
0.5773 6.4492 8.546
1.6531 6.2315 6.7433
2.1663 7.044 6.2442
0.018 5.9618 5.8538
0.3206 6.014 6.0436
2.5247 4.9742 6.6206
2.8296 4.3434 7.6429
3.3243 4.9287 5.5229
2.9325 5.4013 4.7196
3.8964 3.6063 5.1904
3.8991 3.0538 6.1484
5.2995 3.6807 4.6656
5.712 4.7323 3.6757
6.3943 5.4464 4.1605
6.673 3.9699 2.2373
4.238 5.6989 3.0295
6.5005 4.1236 2.5137
4.5517 5.554 3.1436
5.4624 4.84 2.6353
2.9539 2.8483 4.2624
3.163 1.6522 4.0091
1.7947 3.4389 3.9405
1.6913 4.391 4.1322
0.588 2.6381 3.6982
0.9799 1.742 3.1541
-0.4691 3.2604 2.8166
-0.6153 2.5717 1.9558
0.0294 4.8801 2.0277
-2.1313 3.4105 3.6695
-0.0161 4.611 2.2726
-1.8277 3.3928 3.4865
-1.0252 4.1648 2.8945
0.0446 2.1199 5.0293
-0.9635 1.3712 5.003
0.2044 2.9533 6.0722
0.8436 3.6941 6.0028
-0.2096 2.5349 7.4101
-1.2708 2.3559 7.3867
0.0989 3.628 8.4306
-0.9444 4.7353 8.4692
-0.9527 5.4753 9.7961
-1.6974 6.4732 9.9072
-0.0761 5.1823 10.6377
0.4922 1.2279 7.8057
-0.1523 0.3458 8.3914
1.5985 0.94 7.1219
2.0721 1.6669 6.6591
2.0224 -0.4375 6.8428
2.0147 -0.9696 7.7843
3.4489 -0.4674 6.2753
3.5451 0.3317 5.5564
3.779 -2.0957 5.3981
3.7309 -1.7815 5.5661
4.4726 -0.2458 7.3977
4.6187 1.5429 7.9287
4.5864 1.1989 7.828
1.0536 -1.1122 5.8833
0.5636 -2.2099 6.1637
0.7167 -0.4298 4.7834
1.2678 0.353 4.5374
-0.0415 -1.072 3.7131
0.5862 -1.8445 3.2957
-0.4682 0.1488 2.3472
-0.3581 -0.0816 2.6064
-1.3194 -1.7104 4.2482
-1.7338 -2.7695 3.7695
-1.7609 -1.2402 5.417
-1.3509 -0.4425 5.808
-3.0365 -1.6964 5.9692
-3.8122 -1.3301 5.3097
-3.2533 -1.0976 7.36
-4.647 -0.5934 7.5868
-5.3251 -0.7766 8.775
-5.5566 -0.0964 6.7133
-4.9691 -1.2095 9.5784
-6.551 -0.2965 8.6569
-6.7104 0.1379 7.4198
-5.4007 0.0906 5.6598
-7.2716 -0.2034 9.4564
-3.1038 -3.2169 6.0356
-4.1808 -3.8118 5.9525
-1.9512 -3.8557 6.2268
-1.1109 -3.3465 6.2118
-1.8911 -5.2734 6.5378
-2.6516 -5.5025 7.256
-0.5186 -5.6401 7.1092
-0.5729 -6.3293 8.4591
-1.769 -5.8995 9.2884
-1.7193 -4.7912 9.8627
-2.6973 -6.7178 9.4552
-2.1416 -6.1153 5.2722
-2.7115 -7.21 5.3836
-1.3654 -5.8331 4.2229
-0.8441 -4.9951 4.2311
-1.015 -6.8331 3.22
-0.6104 -7.6916 3.7288
-0.0113 -6.2904 2.215
1.1678 -5.4773 2.6971
2.0528 -5.7529 2.113
1.5681 -5.8211 4.4994
0.8909 -3.6318 2.4254
1.4826 -5.7541 4.1572
0.9341 -3.991 2.469
1.2122 -4.7293 3.4629
-2.273 -7.3002 2.4467
-2.2637 -8.4159 1.9125
-3.0052 -6.2933 1.963
-3.1115 -5.4969 2.537
-3.8565 -6.4383 0.7904
-3.3069 -6.9787 0.0381
-4.2381 -5.0607 0.237
-4.5489 -3.9726 1.4612
-4.9011 -2.4751 3.3851
-4.7001 -3.2464 2.4456
-4.5453 -4.0539 1.3147
-5.5528 -4.3097 2.2338
-6.3391 -5.0126 1.9531
-5.645 -3.5615 3.4016
-6.5167 -3.7 4.0395
-4.8978 -2.403 3.5256
-5.2077 -1.6204 4.2272
-3.9434 -2.0954 2.5713
-3.3273 -1.216 2.6876
-3.6728 -3.003 1.5607
-2.8747 -2.804 0.8605
-5.1247 -7.2264 1.1318
-5.727 -7.8404 0.246
-5.6302 -7.0463 2.3494
-5.1657 -6.4396 2.9741
-7.09 -7.1808 2.5703
-7.5686 -6.7645 1.6955
-7.4894 -6.3586 3.795
-8.9017 -5.7998 3.7233
-9.8593 -6.5315 4.6457
-11.0697 -6.5628 4.3347
-9.4239 -6.9466 5.7401
-7.479 -8.6329 2.7226
-8.6766 -8.9635 2.7963
-6.5391 -9.5585 2.478
-5.6013 -9.2449 2.3952
-6.7243 -10.9318 2.964
-5.8126 -11.4712 2.7728
-6.9939 -10.9099 4.4679
-8.4325 -10.5831 4.8302
-9.2005 -11.8063 5.3124
-8.7257 -12.4427 6.2806
-10.3965 -11.9162 4.9578
-7.876 -11.6115 2.2293
-8.302 -12.7044 2.6198
-8.2008 -11.1111 1.0373
-7.7688 -10.28 0.7339
-8.922 -11.8983 0.0367
-9.0701 -12.8856 0.4365
-8.0995 -11.9923 -1.2488
-8.1767 -13.3272 -1.9225
-9.1461 -14.2639 -1.6335
-7.4376 -13.8531 -2.9291
-9.8279 -14.1831 -0.9348
-9.0088 -15.3015 -2.4395
-7.9901 -15.0694 -3.2476
-6.5996 -13.3819 -3.424
-9.6424 -16.1758 -2.4583
-10.2856 -11.2782 -0.2674
-11.1618 -11.9646 -0.8103
-10.3357 -9.9495 -0.2572
-9.574 -9.4386 0.098
-11.5039 -9.2101 -0.7121
-11.5189 -8.2652 -0.1814
-12.791 -9.9726 -0.397
-13.4364 -9.5636 0.9163
-14.4814 -10.5749 1.3596
-15.5698 -10.7441 0.3106
-15.7529 -12.1709 -0.0745
-15.7798 -12.51 -0.1857
-11.4266 -8.9157 -2.2104
-12.4368 -8.581 -2.8353
-10.2087 -8.8268 -2.7337
-9.4261 -9.0574 -2.1801
-9.9519 -8.1141 -3.9868
-10.7896 -7.4727 -4.1829
-9.7833 -9.1101 -5.1324
-10.6847 -10.3272 -5.0255
-11.3837 -10.6186 -6.3434
-12.5831 -11.533 -6.146
-13.1899 -11.938 -7.4442
-13.3384 -12.0321 -7.7556
-8.6886 -7.2626 -3.8516
-7.8799 -7.5097 -2.9494
-8.6328 -6.1212 -4.5542
-9.3437 -5.9091 -5.1946
-7.6219 -5.1046 -4.2833
-7.6336 -4.7855 -3.2599
-8.0113 -3.9526 -5.2028
-7.1215 -3.4636 -5.5736
-8.6143 -3.2459 -4.6534
-7.8684 -3.3552 -5.1132
-8.7852 -4.5864 -6.3063
-8.1127 -4.9264 -7.0783
-9.4943 -3.8792 -6.7096
-8.8039 -4.4025 -6.8941
-9.5804 -6.5658 -6.3958
-10.487 -5.4539 -5.3513
-10.034 -6.0102 -5.8735
-6.2271 -5.6224 -4.6398
-6.0991 -6.4215 -5.5791
-5.1961 -4.928 -4.1583
-5.3185 -3.8319 -3.1773
-3.8552 -4.9686 -4.7682
-3.8753 -5.7523 -5.507
-2.756 -5.3055 -3.7415
-2.3532 -4.3706 -3.3628
-1.3465 -6.235 -4.578
-3.4394 -6.2788 -2.2946
-1.6149 -6.0557 -4.4176
-3.3036 -6.0965 -2.5702
-2.3971 -6.2624 -3.4402
-3.5109 -3.6205 -5.4067
-3.6998 -2.5765 -4.772
-2.8265 -3.6571 -6.5615
-2.9899 -4.4085 -7.1741
-2.2288 -2.4407 -7.1105
-2.8749 -1.5955 -7.0012
-2.0162 -2.7723 -8.5813
-1.1106 -2.3022 -8.9319
-2.8575 -2.4118 -9.1528
-1.9838 -2.3585 -9.0436
-1.9189 -4.2583 -8.6312
-0.8999 -4.566 -8.4511
-2.2553 -4.6158 -9.5931
-1.5781 -4.5907 -9.0228
-2.4103 -5.6671 -7.1023
-3.8118 -4.9535 -7.926
-3.1109 -5.311 -7.5142
-0.8893 -2.1404 -6.4273
-0.2545 -3.0837 -5.9299
-0.6913 -0.8809 -6.0598
-1.4843 0.2618 -6.5472
0.2199 -0.5047 -4.9625
-0.2706 -0.7963 -4.0392
0.4369 1.0002 -4.9569
1.8175 1.4992 -4.149
3.856 2.5037 -3.2042
2.8359 2.034 -3.7075
1.6797 1.4589 -4.2403
2.9299 1.1567 -4.7643
3.007 0.4418 -5.5717
4.0782 1.6234 -4.1494
5.0478 1.3203 -4.5162
3.9821 2.5467 -3.128
4.8765 2.9573 -2.6838
2.7406 2.9935 -2.7183
2.6623 3.7085 -1.9133
1.5966 2.4499 -3.2723
0.6274 2.8327 -2.983
1.5474 -1.2465 -5.0626
2.0381 -1.7955 -4.0731
2.0418 -1.4178 -6.2886
1.5924 -0.992 -7.0522
3.4082 -1.8982 -6.4869
4.0684 -1.2459 -5.9348
3.7779 -1.84 -7.9707
4.8602 -0.822 -8.2919
6.1922 -1.4773 -8.6207
6.4371 -1.8339 -9.7797
7.1531 -1.3332 -7.7121
6.9178 -0.9294 -6.85
8.0311 -1.7207 -7.9076
7.4705 -1.3359 -7.3749
3.5722 -3.3205 -5.9644
4.6752 -3.7379 -5.6053
2.5047 -4.1119 -6.0647
1.6325 -3.7123 -6.2931
2.4852 -5.4278 -5.4215
3.4664 -5.8619 -5.5402
1.4533 -6.3283 -6.1004
1.7364 -6.5712 -7.5753
2.0412 -8.0307 -7.867
2.0241 -8.4116 -9.0546
2.3862 -8.7604 -6.9144
2.1748 -5.3005 -3.9336
2.7705 -5.9905 -3.1026
1.3427 -4.3248 -3.5823
0.9032 -3.789 -4.2817
1.2595 -3.8349 -2.2066
0.7978 -4.6134 -1.6136
0.3684 -2.5901 -2.1661
0.7896 -1.4671 -1.2234
1.5281 -1.8435 -0.5281
-0.6858 -0.8542 -0.2282
1.5641 -0.0496 -2.1888
-0.3999 -0.9728 -0.4127
1.4227 -0.3191 -1.9966
0.4414 -0.4529 -1.2061
2.635 -3.516 -1.6359
2.8356 -3.5255 -0.4194
3.5755 -3.1649 -2.506
3.3776 -3.186 -3.4694
4.8146 -2.5118 -2.0878
4.5627 -1.7064 -1.4215
5.5214 -1.9413 -3.3177
6.7438 -1.0612 -3.0866
7.6306 -1.6833 -3.0693
6.6322 -0.162 -1.443
6.9438 0.1756 -4.4985
6.6554 -0.3296 -1.7592
6.9013 -0.0759 -4.2382
6.7815 0.0042 -2.9739
5.7323 -3.4954 -1.3685
6.2544 -3.2044 -0.2911
5.9936 -4.6362 -2.0042
5.5054 -4.8501 -2.8285
7.1321 -5.4732 -1.6359
7.9812 -4.8213 -1.4811
7.4577 -6.4533 -2.7654
8.3265 -5.8302 -3.8418
9.5542 -5.9032 -3.7837
7.6941 -5.1129 -4.7649
6.7144 -5.1562 -4.789
8.2325 -4.6726 -5.4556
7.473 -4.8803 -5.0986
6.8594 -6.2408 -0.3478
7.7932 -6.6006 0.3777
5.6289 -6.7367 -0.2027
4.9183 -6.4309 -0.8147
5.1988 -7.2839 1.0888
5.7642 -8.1754 1.2746
3.7088 -7.6197 1.0415
3.2016 -8.3505 2.2708
3.893 -9.6821 2.4893
4.1217 -10.4038 1.4955
4.3133 -9.9492 3.6364
5.4722 -6.2763 2.2094
5.3372 -6.6276 3.392
5.37 -4.9939 1.8559
5.3042 -4.7472 0.9103
5.7259 -3.9396 2.8108
5.3906 -4.2608 3.7865
5.0394 -2.62 2.4463
5.2542 -2.3998 1.4075
5.7042 -1.2032 3.4847
5.5742 -1.4754 3.2913
3.5191 -2.7389 2.6098
2.5833 -1.6525 1.4042
2.7434 -1.8978 1.6189
7.2335 -3.7343 2.8467
7.7551 -3.0675 3.7492
7.9086 -3.9942 1.6987
7.4772 -4.7572 1.1559
9.367 -4.2751 1.84
9.8151 -3.4225 2.2919
10.112 -4.5493 0.142
9.9621 -4.4939 0.4648
9.5839 -5.487 2.7322
10.5681 -5.5086 3.4831
8.5121 -6.2397 3.0508
7.6611 -6.0343 2.555
8.6966 -7.6275 3.453
9.031 -8.1673 2.5819
7.3369 -8.2286 3.8717
7.3777 -9.6433 3.7806
9.6886 -7.7825 4.5881
10.1603 -8.9001 4.859
9.7921 -6.7649 5.4469
9.3503 -5.9131 5.2248
10.3181 -6.923 6.7996
10.5077 -5.9399 7.2019
9.2895 -7.6382 7.6694
8.0004 -6.8855 7.9806
7.2692 -7.5845 8.3729
8.2979 -5.5722 9.2941
7.2883 -6.1138 6.4211
8.24 -5.8224 9.0425
7.4157 -6.2622 6.7224
7.7931 -5.843 7.8576
11.6403 -7.7026 6.7925
11.7187 -8.7695 7.4218
12.4386 -7.459 5.7465
12.3174 -6.6207 5.2444
13.3988 -8.43 5.2315
13.1899 -9.3766 5.7008
13.2755 -8.6048 3.7209
12.232 -7.7792 2.9891
11.687 -7.1972 3.7121
10.969 -8.8644 2.1285
13.0434 -6.5944 1.7729
11.2629 -8.7011 2.2517
12.8978 -6.8282 2.0071
12.0225 -7.7428 1.936
14.8291 -7.9969 5.5888
15.1845 -7.9935 6.7761
15.4741 -7.2857 4.6681
15.1491 -7.3017 3.7396
16.5082 -6.3215 5.0295
17.4669 -6.7288 4.7778
16.452 -6.1196 6.077
16.9612 -6.426 5.4284
16.3169 -5.0112 4.2627
17.2316 -4.1829 4.2284
15.3238 -5.0088 3.3671
14.6318 -5.7054 3.422
15.0599 -3.8489 2.5438
15.8289 -3.1111 2.7424
13.6939 -3.213 2.8689
13.6847 -2.205 2.475
13.4374 -3.1141 4.7302
12.3016 -4.1834 2.0553
13.4866 -3.1336 4.3737
12.5618 -3.9814 2.2055
12.8695 -3.6455 3.3901
15.0967 -4.2001 1.0644
15.0194 -3.3108 0.209
15.0999 -5.4893 0.7309
15.1904 -6.1549 1.4527
14.4058 -5.9493 -0.4979
13.3984 -6.2111 -0.184
15.0805 -7.2206 -1.0192
16.5252 -7.3998 -0.6103
17.4188 -6.314 -1.1852
18.5887 -6.0119 -0.2596
19.8719 -5.8862 -1.003
20.1737 -5.8419 -1.1914
14.3193 -4.9137 -1.5867
15.1376 -4.9096 -2.5408
13.1312 -4.3088 -1.8373
12.387 -4.5469 -1.1827
13.046 -2.9998 -2.4246
12.9425 -2.273 -1.6007
11.7871 -2.8673 -3.2965
11.3844 -1.4173 -3.528
9.8784 -1.2821 -3.6776
9.3072 -2.3039 -4.6395
10.238 -2.6148 -5.7636
10.4959 -2.7451 -5.9784
14.2643 -2.5843 -3.2355
14.2945 -2.8331 -4.4552
15.4001 -2.4726 -2.5348
15.3459 -2.349 -1.5579
16.5804 -1.8974 -3.1963
16.4788 -2.0487 -4.2485
17.8521 -2.5402 -2.6729
18.5142 -3.5055 -3.641
19.9577 -3.7963 -3.2694
20.6885 -4.3412 -4.1231
20.3114 -3.6073 -2.0863
16.5966 -0.384 -2.9004
17.1802 0.3703 -3.689
16.4483 -0.0832 -1.6055
15.8722 -0.6598 -1.0589
17.0227 1.1345 -1.0295
17.6076 1.5929 -1.8284
17.8904 0.8436 0.1612
18.2757 -0.6107 0.3591
19.6438 -0.9344 -0.2178
19.7187 -1.1288 -1.4549
20.6491 -0.6781 0.4823
15.9049 2.1245 -0.673
16.1722 3.1499 -0.0405
14.7409 1.9324 -1.2693
14.5973 1.1226 -1.8137
13.8169 3.0534 -1.5058
14.2801 3.9427 -1.1151
12.4915 2.8001 -0.8042
12.2689 1.4136 -0.2053
12.9622 1.2642 0.6133
12.5932 0.0781 -1.4881
10.5251 1.267 0.4817
12.5278 0.3224 -1.2339
10.8556 1.2924 0.349
11.5565 0.671 -0.5037
13.6199 3.2203 -3.0182
14.0081 4.2557 -3.5898
12.5967 2.5081 -3.518
12.5069 1.5772 -3.1505
11.8962 2.8791 -4.7246
12.5817 2.9522 -5.5455
11.1631 2.1133 -4.9479
11.8738 2.5339 -5.2434
11.1377 4.2088 -4.6122
10.3813 4.5434 -5.545
11.704 5.1067 -3.8077
12.0754 4.759 -2.9573
11.3724 6.518 -3.8712
10.8708 6.701 -4.8078
12.6447 7.367 -3.8085
13.7732 6.8003 -4.6475
14.9256 6.8019 -4.1617
13.4779 6.1835 -5.6934
10.4474 6.8826 -2.7284
9.6374 7.8072 -2.8326
10.6243 6.2242 -1.5789
11.2188 5.4301 -1.5807
9.5557 6.2007 -0.5663
9.2797 7.2226 -0.3665
10.0907 5.5594 0.7182
9.3549 6.0108 1.9698
10.2415 6.8736 2.8522
11.0316 7.8267 2.0724
10.5786 8.3013 1.3446
12.3509 7.9461 2.1881
12.9918 7.3166 3.1637
12.4963 6.6846 3.7591
13.9717 7.4671 3.2975
13.2324 7.083 3.5341
13.0169 8.7653 1.3843
12.5403 9.2292 0.6382
13.9915 8.9307 1.5349
13.267 9.0786 1.0856
8.3368 5.4287 -1.0532
7.5251 4.9648 -0.2221
8.3965 4.9524 -2.2903
9.2086 5.0691 -2.8338
7.2661 4.2625 -2.902
6.8498 3.5845 -2.1786
7.737 3.4521 -4.1246
8.3716 4.1074 -4.7166
6.2601 2.987 -5.1972
6.5519 3.0554 -4.9985
8.5365 2.2267 -3.7281
9.3411 2.3279 -2.0482
9.2657 2.2797 -2.4093
6.1907 5.2544 -3.3353
4.9971 4.9391 -3.2665
6.6105 6.2519 -4.1277
7.5692 6.4644 -4.1476
5.6686 7.2978 -4.5283
4.7118 6.8013 -4.687
6.1862 8.0973 -6.134
6.1012 7.9376 -5.8273
5.4879 8.3398 -3.4345
4.5993 9.1931 -3.5294
6.3532 8.3232 -2.4165
7.0135 7.5908 -2.3781
5.9611 8.9207 -1.1306
5.4465 9.8318 -1.3642
7.1791 9.1947 -0.2702
7.0869 10.4626 0.5661
6.8184 11.692 -0.2842
7.5092 11.9295 -1.2768
5.6988 12.3559 -0.0186
5.1794 12.0893 0.7691
5.4536 13.1019 -0.6037
5.3179 12.5974 0.0847
4.9879 7.9759 -0.4073
3.825 8.3614 -0.2033
5.264 6.6753 -0.5749
6.2056 6.4151 -0.7105
4.3076 5.6285 -0.2375
4.2342 5.5871 0.841
4.7832 4.2783 -0.7557
3.9663 2.9602 -0.14
2.622 1.0228 0.5703
3.3216 1.9879 0.2587
4.0744 3.0912 -0.1568
2.9947 3.2494 0.7015
2.6529 4.2581 0.9212
2.1554 2.1794 0.9749
1.2038 2.3417 1.4638
2.5321 0.9029 0.6034
1.846 0.0747 0.7525
3.6976 0.7121 -0.114
3.9861 -0.2827 -0.4198
4.5127 1.7941 -0.4067
5.3461 1.6542 -1.0946
2.9187 5.9564 -0.7921
1.9953 6.1696 0.0154
2.9005 6.488 -2.0204
3.6906 6.3926 -2.5921
1.6443 6.9079 -2.6274
0.9037 6.1468 -2.4071
1.7681 7.078 -4.1284
1.9468 5.6118 -4.9654
1.9871 3.7008 -6.5148
1.9414 4.6829 -5.7772
1.9186 5.7754 -4.8956
2.918 5.6508 -5.8564
3.5865 6.4887 -6.0438
2.995 4.5278 -6.6585
3.8089 4.4192 -7.3605
1.9896 3.5832 -6.6073
0.9016 3.7693 -5.7794
0.0423 3.1143 -5.8533
0.8861 4.8422 -4.9078
0.0252 5.0014 -4.2729
2.0472 2.476 -7.4213
1.1558 8.2266 -1.9995
-0.0448 8.5445 -2.1925
2.0897 9.1789 -1.8959
3.0353 8.9532 -2.0236
1.7473 10.5338 -1.4855
1.1444 10.9788 -2.2646
2.9949 11.4063 -1.2768
3.6391 10.9246 -0.5546
2.5233 13.1058 -0.6203
3.7074 11.5512 -2.5117
2.6153 12.7809 -0.7441
0.9261 10.5295 -0.1887
-0.0442 11.2891 -0.0818
1.087 9.4705 0.602
1.8023 8.8238 0.3994
0.0869 9.0802 1.5921
-0.2469 9.9773 2.0941
0.7079 8.1388 2.6272
1.4856 8.886 3.6952
2.732 8.9095 3.609
0.8458 9.5612 4.5287
-1.1136 8.4133 0.9318
-2.2599 8.677 1.3007
-0.8569 7.5694 -0.0693
0.0829 7.3315 -0.2579
-1.8927 6.7076 -0.6153
-2.3815 6.2263 0.2428
-1.2562 5.5632 -1.4467
-0.9764 4.3202 -0.5825
-1.3694 4.5515 0.3946
-1.8689 2.7915 -1.1887
0.8531 3.9965 -0.3728
-1.6879 3.1188 -1.1651
0.5195 4.0812 -0.4963
-0.498 3.417 -0.8487
-2.9345 7.4483 -1.413
-4.1344 7.0692 -1.3497
-2.6273 8.6799 -1.8263
-1.8299 9.1262 -1.4521
-3.5766 9.4902 -2.5789
-4.3502 8.8356 -2.953
-2.8821 10.1602 -3.7675
-3.8438 10.3848 -4.9323
-4.7185 11.2503 -4.837
-3.932 9.3826 -5.8028
-3.2549 8.6748 -5.7636
-4.6187 9.4381 -6.5
-3.9409 9.0529 -6.1277
-4.2191 10.5497 -1.688
-5.4238 10.4957 -1.4252
-3.3754 11.3302 -1.0132
-2.4175 11.3018 -1.219
-3.8608 12.3875 -0.133
-4.2466 13.184 -0.7491
-2.7389 12.949 0.7565
-3.1527 13.7441 1.3601
-1.3611 13.6752 -0.2986
-1.6292 13.5407 -0.1004
-2.1912 11.8582 1.6781
-0.5459 12.2889 2.4571
-0.8883 12.2321 2.3528
-4.991 11.8693 0.7619
-6.0285 12.5257 0.8881
-4.8955 10.6024 1.1587
-4.0743 10.0975 0.9616
-6.0694 9.84 1.5885
-6.9441 10.424 1.3438
-6.1313 8.5094 0.838
-7.553 8.026 0.6244
-8.3156 8.7238 -0.0781
-7.9446 7.0385 1.2822
-6.0456 9.5974 3.0952
-5.6398 10.4736 3.8647
-6.6647 8.5036 3.5282
-7.0031 7.8495 2.8765
-7.0248 8.3465 4.9355
-6.2028 7.904 5.4586
-7.2563 9.3067 5.345
-6.7277 8.6059 5.4038
-8.2475 7.4393 5.0781
-9.3147 7.8843 5.4993
-8.1456 6.2339 4.5237
-7.2528 5.8869 4.2991
-9.3093 5.4589 4.1336
-9.6251 4.8699 4.9755
-10.4528 6.3797 3.7012
-11.7511 6.1409 4.4534
-12.7291 7.2897 4.2616
-13.1223 7.892 5.5328
-12.6218 7.6308 6.3336
-14.0965 8.7875 5.6522
-14.7625 9.1939 4.5801
-14.522 8.8364 3.6779
-15.5112 9.8504 4.6754
-15.0123 9.3485 4.176
-14.4354 9.2448 6.8509
-13.9374 8.9388 7.6616
-15.198 9.8843 6.9447
-14.5675 9.4127 7.3029
-8.9483 4.5218 2.985
-9.6932 4.4302 2.003
-7.6871 4.0973 2.9536
-7.1334 4.1909 3.7647
-7.0279 3.6513 1.7317
-7.0259 2.5672 1.7228
-5.5608 4.1113 1.7442
-4.5326 2.8046 1.5954
-2.8084 1.0598 1.3882
-3.745 1.865 1.4837
-4.5922 2.965 1.6128
-4.2051 2.5143 0.3588
-4.5306 3.0514 -0.5214
-3.4464 1.3543 0.2335
-3.0126 1.1286 -0.7459
-2.7706 0.8902 1.369
-2.2471 -0.0712 1.2542
-3.373 1.1383 2.5979
-2.9802 0.6624 3.488
-4.303 2.1582 2.7135
-4.5857 2.5148 3.7007
-7.7179 4.1541 0.4763
-7.3739 5.2097 -0.0621
-8.579 3.3151 -0.0993
-8.8195 2.4784 0.3559
-9.4641 3.7638 -1.1826
-9.3496 4.8335 -1.2676
-10.9072 3.4264 -0.8368
-11.7017 2.5519 -1.7973
-11.0321 2.0216 -2.4649
-12.848 3.6034 -2.8583
-12.6937 1.2609 -0.8463
-12.6297 3.4012 -2.6558
-12.5039 1.5059 -1.0289
-12.7708 2.4335 -1.8503
-9.0641 3.1128 -2.5001
-8.9774 1.8863 -2.5871
-8.9214 3.9145 -3.5569
-9.1374 4.8727 -3.4568
-8.3925 3.4395 -4.8086
-8.6231 4.1952 -5.5858
-6.4962 3.3896 -4.7155
-6.8566 3.4042 -4.7413
-8.9044 2.1555 -5.4381
-8.5014 1.954 -6.6442
-10.0711 1.6317 -5.0681
-10.3512 1.8678 -4.1464
-11.0417 1.0545 -5.986
-11.7568 0.4869 -5.4174
-10.2897 0.0951 -6.9316
-9.4677 -0.9761 -6.2064
-9.3016 -1.776 -6.8989
-7.8019 -0.2902 -5.6759
-10.4245 -1.6083 -4.7161
-8.0986 -0.4698 -5.7869
-10.2304 -1.5242 -5.0096
-9.1086 -0.9637 -5.2012
-11.755 2.12 -6.802
-11.1334 3.0682 -7.2898
-13.0412 1.8978 -7.0685
-13.4976 1.1356 -6.6536
-6.3244 1.3686 -8.6596
-4.7597 0.1917 -7.8754
-3.723 -0.1007 -7.7937
-5.6012 -1.0736 -8.1362
-6.619 -0.876 -7.8216
-4.9254 -2.5088 -7.1296
-5.5956 -1.3961 -9.5274
-5.0858 -2.2582 -7.334
-5.1966 0.7896 -6.5322
-6.0077 1.7236 -6.5322
-5.0457 -0.0093 -5.4715
-4.499 -0.8203 -5.5518
-5.4741 0.4091 -4.1465
-6.1859 1.2126 -4.2585
-4.2853 0.9048 -3.3199
-3.6282 2.1241 -3.8963
-2.6419 2.1477 -4.8424
-4.0136 3.4871 -3.6795
-4.8833 4.126 -2.7853
-3.1965 4.2862 -4.5045
-2.359 3.4468 -5.1925
-2.2383 1.2643 -5.3259
-5.5992 3.5368 -2.2122
-5.2265 5.4597 -3.0779
-3.3667 5.6657 -4.6077
-1.5862 3.7343 -5.729
-5.9121 5.9695 -2.4068
-4.3369 6.2444 -3.8342
-2.6847 6.2802 -5.1804
-4.5053 7.3084 -3.886
-6.158 -0.7398 -3.3931
-5.5594 -1.8224 -3.2707
-7.139 -0.3932 -2.5604
-7.5012 0.5202 -2.6105
-7.4399 -1.1804 -1.3595
-6.5848 -1.775 -1.1167
-8.2875 -1.7975 -1.5537
-7.4349 -1.7908 -1.3374
-7.7551 -0.259 -0.1846
-6.9937 0.6617 0.1086
-8.9706 -0.3829 0.3534
-9.5151 -1.1722 0.1116
-9.2942 0.279 1.6066
-8.6821 1.1677 1.6785
-8.9675 -0.6417 2.7885
-7.5863 -1.3046 2.7529
-7.4012 -1.7824 3.7011
-7.5004 -2.64 1.4324
-6.2417 -0.0186 2.4786
-7.5627 -2.3496 1.6471
-6.5142 -0.2499 2.5171
-6.8865 -1.3179 1.944
-10.7546 0.6798 1.6539
-11.6234 -0.0242 1.1262
-11.0674 1.6572 2.5075
-10.3518 2.1295 2.9861
-12.3988 2.2656 2.4923
-12.5808 2.6272 1.4897
-12.4505 3.4486 3.4607
-13.8586 3.8133 3.9019
-14.8106 3.892 2.7181
-16.2025 3.7136 3.1228
-16.3724 3.375 4.0261
-17.2371 3.9724 2.3309
-17.0379 4.4344 1.1043
-16.1072 4.6006 0.7788
-17.8188 4.633 0.5116
-16.963 4.6102 0.6426
-18.474 3.7672 2.765
-18.6273 3.4057 3.6843
-19.2522 3.9762 2.1738
-18.9401 3.6899 2.9281
-13.4724 1.2458 2.8511
-14.6002 1.3143 2.3566
-13.0884 0.2186 3.6074
-12.1585 0.1686 3.9193
-14.0653 -0.6843 4.2085
-13.5383 -1.3455 4.8804
-15.1004 0.1117 5.0101
-16.0682 -0.7507 5.5849
-14.7695 -1.5215 3.1466
-15.8249 -2.1037 3.4028
-14.2161 -1.5283 1.9344
-13.2887 -1.1868 1.8377
-14.6806 -2.4535 0.9019
-14.889 -3.3993 1.3804
-13.59 -2.6557 -0.1489
-12.3251 -3.2359 0.4119
-11.9235 -3.2121 1.7187
-11.388 -4.0717 -0.2794
-11.2851 -4.536 -1.5937
-10.3747 -4.4075 0.6404
-10.7331 -3.886 1.8556
-12.4869 -2.7612 2.5233
-12.05 -4.3178 -2.3246
-10.1686 -5.2659 -1.9566
-9.2475 -5.1376 0.2718
-10.2105 -3.9549 2.6824
-10.0778 -5.6423 -2.9652
-9.1688 -5.5729 -1.0236
-8.4529 -5.3543 0.9711
-8.3074 -6.1324 -1.3551
-15.9575 -1.9462 0.2363
-16.3446 -2.449 -0.825
-16.7483 -1.1902 0.9943
-16.4145 -0.8436 1.8482
-18.1079 -0.847 0.594
-18.7566 -1.0275 1.4404
-18.1925 0.6339 0.2162
-16.5702 0.8626 -0.1866
-14.2328 1.4191 -0.7183