-1.4789 13.8759 -5.6992
-2.6902 13.5495 -4.4695
-2.0813 13.7349 -5.0761
-0.7179 12.9684 -3.9312
0.0285 13.5669 -3.1532
-0.3811 11.829 -4.5219
-0.9413 11.4671 -5.2444
0.8893 11.1759 -4.2581
0.8247 10.1675 -4.6107
1.2724 11.2005 -2.7774
1.8455 12.0964 -2.5772
-0.2613 11.2196 -1.6881
0.0438 11.2336 -1.8814
2.1456 9.9819 -2.4366
1.5366 8.4401 -3.2959
1.6315 8.6769 -3.0228
2.0043 11.8815 -5.0554
3.1726 11.497 -4.9209
1.7112 13.1544 -5.3431
0.7611 13.3699 -5.5163
2.7185 14.0515 -5.9084
3.6166 13.4813 -6.0698
3.0082 15.1962 -4.9397
3.5134 16.4608 -5.6066
2.3697 17.3653 -6.0345
2.6318 18.8146 -5.6555
2.7649 19.687 -6.8551
2.7752 19.9006 -7.1417
2.2348 14.6052 -7.2476
3.0315 14.7277 -8.1877
1.0702 15.2513 -7.2204
0.4994 15.1894 -6.4254
0.617 16.0814 -8.3313
1.4905 16.4825 -8.8235
-0.2338 17.2424 -7.8096
0.3187 18.6119 -8.174
-0.259 19.1403 -9.4729
-0.3085 20.3496 -9.696
-0.6739 18.2323 -10.3487
-0.6197 17.2866 -10.0951
-1.0077 18.5436 -11.2149
-0.797 17.9145 -10.6618
-0.1829 15.2628 -9.3391
0.2059 15.1349 -10.5004
-1.3215 14.7349 -8.899
-1.6138 14.9035 -7.9789
-2.0604 13.7528 -9.6884
-1.856 13.9492 -10.7312
-1.581 12.3381 -9.3506
-0.683 11.8076 -8.024
0.8473 11.2219 -6.1846
3.1672 3.338 -11.1921
4.2311 3.9249 -12.1057
4.3407 3.0643 -13.6866
5.0812 4.6367 -14.9544
4.9713 4.3711 -14.7385
2.8267 0.8722 -10.9465
4.0188 0.8533 -10.6358
1.8547 0.5861 -10.0776
0.9212 0.584 -10.3942
2.1439 -0.0911 -8.8229
2.761 -0.9521 -9.0392
0.5578 -0.7048 -8.0154
0.8582 -0.588 -8.1772
2.8976 0.8241 -7.8574
3.161 1.986 -8.1703
3.4828 0.2268 -6.8043
3.1374 -0.6792 -6.5635
3.8062 1.0632 -5.6275
4.1141 2.0287 -6.0144
4.9301 0.4582 -4.8126
5.4153 -0.9358 -5.1641
5.7957 -0.9442 -6.1801
6.8293 -1.4389 -4.0227
4.0156 -2.187 -5.0573
6.5669 -1.3495 -4.2498
4.2921 -1.9583 -5.0802
5.4269 -1.8161 -4.5459
2.5646 1.2603 -4.7727
2.6046 1.9942 -3.7667
1.5584 0.3896 -4.977
1.7429 -0.4529 -5.4307
0.2552 0.6482 -4.3849
0.5177 0.9644 -3.3361
-0.6937 -0.5222 -4.246
-1.0678 -0.5012 -3.2035
0.1057 -2.2027 -4.3838
-2.1827 -0.3811 -5.3739
0.0424 -1.837 -4.4815
-1.9182 -0.4294 -5.14
-0.9954 -1.2693 -4.9371
-0.4055 1.8654 -5.0317
-1.4461 2.3241 -4.5095
-0.257 1.9453 -6.3707
0.5067 1.4719 -6.779
-0.8057 3.087 -7.1001
-1.8754 3.0715 -6.9849
-0.4534 2.9901 -8.5841
-1.1319 1.8316 -9.2967
-0.8582 1.8185 -10.7875
-1.2323 0.8235 -11.4471
-0.1168 2.7055 -11.2625
-0.2721 4.4052 -6.5213
-1.0361 5.3742 -6.4059
0.8358 4.3076 -5.7925
1.3796 3.4879 -5.8504
1.1343 5.2196 -4.6741
1.0039 6.2257 -5.0412
2.5926 5.0372 -4.2314
2.8274 3.9796 -4.2815
2.8419 5.6027 -2.4651
2.8129 5.5174 -2.8139
3.5381 5.7724 -5.1942
4.2623 4.6454 -6.5062
4.1023 4.8782 -6.2764
0.1809 4.9722 -3.5166
-0.4763 5.8974 -3.0306
0.0397 3.7086 -3.1012
0.6442 3.0244 -3.4807
-0.5933 3.3991 -1.8238
0.08 3.747 -1.0401
-0.794 1.5352 -1.6283
-0.7534 1.8996 -1.6369
-1.9289 4.103 -1.6583
-2.2529 4.6012 -0.5767
-2.686 4.2364 -2.7455
-2.3449 3.9078 -3.6103
-4.0703 4.6835 -2.675
-4.6583 3.8667 -2.2711
-4.5935 5.0014 -4.0801
-6.0881 5.0878 -4.1591
-6.7443 6.1209 -4.7995
-7.0378 4.1542 -3.9
-6.3189 6.9008 -5.2133
-8.0446 5.8897 -4.7849
-8.2511 4.7131 -4.2203
-6.8797 3.193 -3.4314
-8.8128 6.5849 -5.0928
-4.2435 5.8989 -1.7721
-5.3426 6.1705 -1.2802
-3.1889 6.6901 -1.6268
-2.3391 6.4466 -2.0666
-3.22 7.9173 -0.858
-4.0624 8.4888 -1.0802
-1.9313 8.7304 -1.1571
-1.9265 9.2621 -2.5851
-3.2229 9.9749 -2.9333
-3.735 9.7475 -4.0507
-3.8392 10.5477 -2.0069
-3.1841 7.5978 0.67
-3.6061 8.4914 1.4396
-2.2082 6.8047 1.0439
-1.6873 6.2931 0.3485
-1.4575 6.9282 2.297
-1.3113 7.9453 2.5513
-0.054 6.3748 1.944
0.0789 4.8791 2.2907
-0.91 4.4551 2.3784
0.9325 4.8096 3.9417
1.0051 3.9775 0.9469
0.7631 4.7235 3.6432
0.8421 4.1474 1.2142
0.9781 4.3326 2.462
-2.1056 6.1835 3.4298
-1.6083 6.2337 4.5687
-3.0976 5.3349 3.1414
-3.5054 5.4003 2.2397
-3.9429 4.7926 4.2057
-3.357 4.8072 5.1162
-4.4066 3.3734 3.925
-4.0551 2.8635 2.3699
-3.4047 2.4069 0.0394
-3.7148 2.6709 1.2018
-4.1084 2.873 2.5279
-4.9445 3.2251 1.4779
-5.9021 3.6789 1.6922
-4.5747 2.986 0.1674
-5.202 3.3301 -0.6441
-3.3929 2.3194 -0.0955
-3.0796 2.1775 -1.1262
-2.4508 2.1914 0.9174
-1.4939 1.7357 0.7044
-2.8423 2.3884 2.2299
-2.1431 2.2004 3.0314
-5.1631 5.7003 4.4184
-5.7356 5.6749 5.5248
-5.7913 6.1339 3.3293
-5.3292 6.0357 2.4575
-7.2422 6.3365 3.2899
-7.7031 5.4109 3.6209
-7.6899 6.606 1.8489
-9.1602 6.3075 1.607
-10.0553 7.493 1.9142
-11.2946 7.3283 1.8528
-9.5255 8.6183 2.035
-7.6958 7.4652 4.2001
-8.9024 7.7385 4.2937
-6.809 7.8671 5.1203
-5.8466 7.7341 4.9051
-7.126 8.9717 6.0258
-6.2418 9.175 6.6131
-7.4785 10.2232 5.2202
-8.9432 10.3089 4.8306
-9.7162 11.3205 5.6539
-10.7676 10.9409 6.2164
-9.3884 12.5244 5.5739
-8.2706 8.6118 6.9672
-9.0905 9.4701 7.313
-8.2366 7.4026 7.5308
-7.5102 6.7842 7.2752
-8.9027 7.1408 8.8133
-9.0239 8.0875 9.3119
-8.0292 6.2271 9.6725
-8.2107 6.4226 11.1454
-9.3207 7.0312 11.694
-7.4698 5.9876 12.1937
-10.0874 7.3817 11.195
-9.1892 7.0773 13.008
-8.0664 6.4634 13.336
-6.5551 5.4139 12.14
-9.8583 7.5774 13.6929
-10.2745 6.5105 8.5997
-11.1607 6.6705 9.4545
-10.3496 5.5472 7.6866
-9.5873 5.4032 7.0789
-11.4749 4.6274 7.6016
-11.5183 4.2549 6.5852
-12.7914 5.3383 7.9201
-12.9923 6.6293 7.1477
-13.9602 7.5607 7.8586
-15.2235 6.8337 8.2908
-15.6239 7.1914 9.6798
-15.7307 7.2915 10.0062
-11.2931 3.4369 8.543
-12.2675 2.7761 8.9129
-10.0425 3.0579 8.7953
-9.2976 3.5817 8.4161
-9.7315 1.6857 9.2195
-10.5821 1.0762 8.9772
-9.4986 1.653 10.7316
-10.6312 2.2592 11.5412
-11.1038 1.3149 12.6339
-12.3325 1.8572 13.3476
-12.7118 1.0143 14.5156
-12.8026 0.8143 14.7975
-8.4942 1.1815 8.4894
-7.5392 1.9378 8.2746
-8.4833 -0.0912 8.0639
-9.2109 -0.6922 8.3281
-7.4801 -0.5901 7.1364
-7.4662 -0.0451 6.2144
-7.9053 -2.0352 6.8836
-7.0321 -2.6618 6.7722
-8.5032 -2.0794 5.9865
-7.7687 -2.37 6.3791
-8.6983 -2.4147 8.0856
-8.0411 -2.782 8.8581
-9.4265 -3.166 7.8218
-8.7343 -2.9746 8.3397
-9.4685 -1.1407 9.6163
-10.3638 -1.078 8.0847
-9.9171 -1.1096 8.8506
-6.0826 -0.556 7.7624
-5.9601 -0.7552 8.9803
-5.0598 -0.6916 6.9169
-5.2005 -0.795 5.4462
-3.7247 -1.1401 7.3504
-3.7418 -1.1699 8.4267
-2.6027 -0.1827 6.9088
-2.1559 -0.5891 6.0029
-1.2486 -0.1056 8.2167
-3.2627 1.5254 6.5186
-1.51 -0.1225 7.969
-3.1247 1.2046 6.5921
-2.2613 0.7114 7.3768
-3.4165 -2.5281 6.774
-3.5692 -2.7354 5.5632
-2.7412 -3.3743 7.558
-2.8149 -3.2909 8.5315
-2.0726 -4.5532 7.018
-2.7128 -5.145 6.4102
-1.6228 -5.318 8.2535
-0.671 -5.7895 8.0669
-2.3615 -6.0696 8.4893
-1.5157 -5.9295 8.28
-1.5275 -4.2923 9.3294
-0.5513 -3.8319 9.3112
-1.7113 -4.7506 10.2898
-1.1309 -4.2912 9.801
-2.2607 -2.2862 9.3117
-3.5112 -3.5267 9.5325
-2.8863 -2.9061 9.4224
-0.8509 -4.1354 6.1763
-0.4511 -2.9553 6.3341
-0.7694 -4.7352 4.9875
-1.5752 -5.8949 4.5575
-0.0007 -4.1692 3.8624
-0.5763 -3.3353 3.4807
0.1628 -5.2136 2.7653
1.5528 -5.0123 1.8666
3.6063 -4.7905 0.5278
2.5784 -4.9442 1.1872
1.4139 -5.0803 1.9443
2.6577 -5.3087 2.5124
2.7208 -5.5898 3.5542
3.8121 -5.1697 1.7663
4.7766 -5.316 2.23
3.7342 -4.759 0.4488
4.634 -4.6907 -0.1459
2.4981 -4.6007 -0.1485
2.4352 -4.2365 -1.1651
1.3452 -4.8513 0.5765
0.3805 -4.6428 0.129
1.355 -3.6565 4.3362
1.7019 -2.4942 4.1028
1.9769 -4.4021 5.2507
1.6158 -5.2882 5.4794
3.3548 -4.1119 5.6409
3.9644 -4.1599 4.7498
3.849 -5.1642 6.6367
4.8072 -6.1759 6.0273
6.1648 -6.1708 6.7015
6.3617 -6.819 7.7302
7.117 -5.4585 6.111
6.9086 -5.029 5.2539
7.992 -5.4043 6.5466
7.4491 -5.2136 5.9019
3.4778 -2.7198 6.2474
4.5815 -2.1786 6.3614
2.3907 -2.2579 6.8716
1.5194 -2.676 6.6701
2.3612 -0.9019 7.4209
3.3316 -0.6979 7.845
1.3007 -0.7943 8.5169
1.4213 -1.8705 9.5838
1.9361 -1.3256 10.9017
2.118 -2.1265 11.8418
2.1175 -0.0943 11.0052
2.0752 0.1143 6.3178
2.7589 1.137 6.2185
1.2256 -0.2709 5.3685
0.7837 -1.1478 5.44
1.1413 0.4202 4.0805
0.7598 1.4183 4.278
0.1677 -0.3062 3.1624
0.651 -0.7996 1.8097
1.674 -0.4924 1.643
-0.397 -0.0633 0.427
0.5968 -2.6824 1.7364
-0.1866 -0.2055 0.6814
0.6105 -2.3234 1.7415
0.1007 -1.3728 1.0806
2.5208 0.5388 3.4389
2.7426 1.3972 2.5815
3.3267 -0.5115 3.6143
3.1561 -1.1159 4.3735
4.5737 -0.67 2.8846
4.3646 -0.6824 1.8299
5.2335 -2.0049 3.2579
6.4596 -2.4007 2.4357
7.3322 -1.9111 2.847
6.2715 -1.8457 0.65
6.747 -4.2586 2.5247
6.3133 -1.9546 0.9893
6.6681 -3.9053 2.5137
6.5043 -3.0531 1.5889
5.5445 0.4755 3.1874
6.2659 0.927 2.2922
5.7802 0.7137 4.476
5.1744 0.3369 5.1496
6.9783 1.4124 4.9324
7.8152 1.0384 4.3604
7.2224 1.1317 6.4167
8.0919 -0.0893 6.6429
9.2766 -0.0923 6.3035
7.5384 -1.0954 7.3115
6.6015 -1.0077 7.5855
8.0629 -1.9162 7.4234
7.3431 -1.449 7.537
6.8573 2.9162 4.7013
7.8737 3.6038 4.5414
5.6923 3.4634 5.0592
4.9136 2.8775 5.201
5.4313 4.8851 4.8364
6.0496 5.4464 5.5137
3.959 5.1967 5.1216
3.749 6.0721 6.3453
4.6684 7.2833 6.3526
5.4508 7.4081 7.3246
4.8615 7.8679 5.2593
5.7723 5.2823 3.4024
6.2924 6.3683 3.1544
5.4781 4.3872 2.4663
5.1221 3.5086 2.7211
5.7868 4.6186 1.0594
5.4215 5.5998 0.7946
5.0872 3.5788 0.1643
5.3673 2.5942 0.5092
5.6506 3.7545 -1.6196
5.5443 3.7245 -1.2782
3.5669 3.7258 0.2675
2.6412 2.1346 -0.0643
2.826 2.4238 0.0451
7.2875 4.5611 0.8019
7.7527 4.9562 -0.2731
8.0022 3.7749 1.6291
7.6041 3.6167 2.5339
9.4715 3.9366 1.6504
9.8331 3.7653 0.6634
10.2494 2.6903 2.8196
10.0764 2.9156 2.5957
9.8069 5.3582 2.0973
10.5379 6.0762 1.4154
9.0227 5.897 3.0461
8.3287 5.3161 3.4608
9.5432 6.979 3.8799
10.5713 6.7345 4.1232
8.743 7.0748 5.1818
7.8396 8.1635 5.1452
9.5217 8.3186 3.157
9.8766 9.3502 3.7595
9.5068 8.2824 1.8232
9.1138 7.4952 1.3871
10.166 9.2936 0.9912
10.1658 8.9321 -0.0247
9.4164 10.6132 1.0724
8.0621 10.7348 0.4008
8.1729 11.2876 -0.531
6.8636 11.7041 1.4862
7.3569 9.0405 -0.0048
7.0905 11.5224 1.2733
7.4661 9.3783 0.0452
7.1078 10.3747 0.7357
11.6232 9.4836 1.4376
11.9654 10.5784 1.9197
12.21 8.3436 1.8428
11.9584 7.5114 1.3731
13.4719 8.3394 2.574
13.7039 9.3681 2.8235
13.3516 7.53 3.8578
13.3213 6.017 3.775
14.3272 5.6307 3.9243
12.7076 5.4479 2.0898
12.2309 5.2872 5.1316
12.8651 5.5317 2.4113
12.4429 5.4318 4.8779
12.484 5.3666 3.6124
14.601 7.7959 1.6958
14.7025 8.1987 0.5268
15.6389 7.2803 2.3546
15.5151 6.9966 3.2886
16.8028 6.795 1.6167
17.6695 7.331 1.9376
16.6298 6.9516 0.5706
17.1539 7.1422 1.2518
17.02 5.3033 1.862
18.0663 4.7605 1.5065
15.9853 4.628 2.3591
15.1162 5.0931 2.4583
15.9255 3.1741 2.2747
16.8664 2.8247 1.8792
14.8011 2.7385 1.3142
15.0127 1.7408 0.9624
14.7457 3.8883 -0.1798
13.143 2.7244 2.2004
14.757 3.6624 0.1014
13.449 2.7161 2.014
13.9451 3.3017 1.0073
15.6963 2.5649 3.6416
16.2503 1.5089 3.9675
14.8161 3.1784 4.4321
14.2361 3.8818 4.0295
14.1792 2.4512 5.556
13.181 2.8582 5.6519
14.95 2.7239 6.8489
16.3629 3.2271 6.6817
17.3322 2.1197 6.3107
18.6738 2.6826 5.8623
19.7683 1.6837 6.0048
20.0319 1.4438 6.0303
14.0916 0.9579 5.3344
14.8467 0.2018 6.0316
12.8736 0.4083 5.0765
12.1518 1.0848 4.821
12.7635 -0.8767 4.4366
12.6306 -0.6904 3.3561
11.4889 -1.6059 4.9112
11.1497 -2.8021 4.0301
9.7219 -2.7135 3.5141
8.7425 -2.4132 4.6406
9.0779 -3.1695 5.8796
9.1867 -3.3147 6.1889
13.9513 -1.7961 4.6135
13.8207 -2.8976 5.1636
15.1164 -1.3509 4.1655
15.1947 -0.4408 3.8108
16.3347 -2.1449 4.2949
16.2635 -2.7501 5.1733
17.5617 -1.247 4.3648
18.1656 -1.1194 5.7516
19.6832 -1.0795 5.726
20.3046 -1.7916 6.5432
20.2373 -0.4861 4.7748
16.4317 -3.0666 3.0595
16.9801 -4.1647 3.1749
16.2646 -2.4658 1.881
15.8786 -1.5596 1.8572
16.9945 -2.9395 0.6887
17.6834 -3.6962 1.0472
17.7705 -1.7925 0.0652
18.2596 -0.7611 1.0754
19.5208 -1.2215 1.7907
19.3901 -2.0876 2.688
20.622 -0.983 1.2458
16.0471 -3.5738 -0.3092
16.4778 -4.317 -1.2026
14.7441 -3.3848 -0.1148
14.4524 -2.7618 0.585
13.7468 -4.2545 -0.7291
14.1222 -4.5674 -1.6917
12.4237 -3.5209 -0.9088
12.2798 -2.1457 -0.2691
13.1018 -1.5146 -0.5861
12.3383 -2.2679 1.6067
10.6748 -1.3323 -0.825
12.324 -2.2392 1.2491
10.9864 -1.4758 -0.72
11.5097 -1.7953 0.3895
13.5362 -5.5156 0.129
13.897 -6.6272 -0.2833
12.5989 -5.3986 1.075
12.5096 -4.5089 1.5106
11.7992 -6.5252 1.5172
12.4085 -7.2115 2.0717
11.0178 -6.1533 2.1647
11.714 -6.6808 2.1127
11.1354 -7.2881 0.3671
10.6354 -8.4054 0.6009
11.517 -6.9275 -0.8532
11.7042 -5.9618 -0.9937
11.216 -7.735 -2.0196
10.8233 -8.6835 -1.6795
12.48 -7.9836 -2.8414
13.5641 -8.6887 -2.0484
14.7147 -8.7384 -2.5305
13.2416 -9.2541 -0.9825
10.1672 -7.0371 -2.8589
9.1053 -7.5874 -3.1512
10.4582 -5.7996 -3.2711
11.325 -5.4046 -3.0283
9.4069 -4.8824 -3.7226
8.9516 -5.3148 -4.6003
10.0214 -3.5304 -4.0932
9.3728 -2.8711 -5.298
10.2166 -3.0463 -6.5518
10.8886 -4.3472 -6.5745
10.3506 -5.1368 -6.358
12.2012 -4.4892 -6.7218
12.9566 -3.4369 -7.0049
12.5387 -2.5336 -7.0999
13.9438 -3.5476 -7.1241
13.2422 -3.0398 -7.1069
12.765 -5.6791 -6.5546
12.2016 -6.4706 -6.32
13.7521 -5.785 -6.6698
12.9779 -6.1269 -6.4911
8.3362 -4.6898 -2.6534
7.295 -4.0751 -2.8983
8.5595 -5.2616 -1.4732
9.4325 -5.6754 -1.2938
7.4594 -5.5669 -0.5531
6.9515 -4.6589 -0.3152
8.0136 -6.1964 0.7428
8.5504 -7.0984 0.4342
6.5872 -6.7713 1.8349
6.8562 -6.653 1.6279
8.9573 -5.2998 1.4944
9.2334 -3.6151 0.7453
9.2589 -3.9333 0.939
6.4871 -6.5541 -1.1959
5.2844 -6.3074 -1.2543
7.0029 -7.7346 -1.5253
7.9701 -7.8709 -1.5089
6.1553 -8.8451 -1.9552
5.2926 -8.8729 -1.3081
7.0774 -10.4723 -1.7746
6.9018 -10.1616 -1.8116
5.6911 -8.6508 -3.3955
4.6272 -9.1377 -3.7829
6.4581 -7.8823 -4.1693
7.1842 -7.3563 -3.7409
5.9467 -7.3435 -5.4332
5.486 -8.148 -5.9716
7.0902 -6.7578 -6.257
7.245 -7.39 -7.6329
6.9723 -8.8834 -7.6133
7.7193 -9.6498 -7.0023
5.8049 -9.2743 -8.1133
5.253 -8.6051 -8.5716
5.555 -10.2168 -8.0257
5.4008 -9.41 -8.2933
4.8952 -6.264 -5.1557
3.7954 -6.3093 -5.7111
5.1115 -5.5445 -4.0526
6.0446 -5.4184 -3.7514
4.08 -4.7002 -3.4631
3.7043 -4.0477 -4.2323
4.6695 -3.8607 -2.3289
4.0426 -2.318 -2.2216
3.0558 -0.083 -1.917
3.54 -1.2078 -2.046
4.112 -2.4653 -2.2517
2.8045 -2.2118 -2.6339
2.2579 -2.9757 -3.1756
2.2564 -0.9511 -2.4877
1.2273 -0.7752 -2.7673
3.0031 0.0617 -1.9176
2.5901 1.0567 -1.8386
4.2838 -0.1964 -1.4695
4.8503 0.5803 -0.9772
4.8144 -1.4674 -1.5914
5.8321 -1.6559 -1.2801
2.9162 -5.5413 -2.9329
1.7523 -5.1778 -3.1659
3.2191 -6.7755 -2.5488
4.1299 -7.1277 -2.6987
2.1747 -7.7615 -2.2564
1.5169 -7.337 -1.5206
2.7961 -9.0422 -1.7272
2.7823 -9.2061 -0.0506
2.8114 -9.4339 2.3988
2.7855 -9.3256 1.1738
2.7577 -9.196 -0.225
3.1921 -10.3732 0.3793
3.5308 -11.1889 -0.2433
3.2332 -10.4971 1.755
3.5685 -11.4197 2.2062
2.7846 -9.4593 2.5457
2.3104 -8.2988 1.9696
1.8924 -7.5146 2.5842
2.3488 -8.1535 0.5959
2.1471 -7.1837 0.1516
2.7987 -9.5877 3.9173
1.3602 -8.0601 -3.5223
0.1563 -8.3046 -3.4385
2.0539 -8.2113 -4.6433
3.0375 -8.1453 -4.62
1.4913 -8.9855 -5.7751
0.8965 -9.7786 -5.3153
2.6033 -9.6245 -6.5895
3.5462 -9.1364 -6.3565
2.2987 -9.516 -8.4327
2.7468 -11.0167 -6.2024
2.4027 -9.576 -8.0939
0.5837 -8.1191 -6.6179
-0.2813 -8.6333 -7.3466
0.8771 -6.8232 -6.6869
1.6653 -6.4791 -6.2162
0.0044 -5.8748 -7.3714
-0.2904 -6.3071 -8.3115
0.7522 -4.5648 -7.6328
1.4224 -4.5385 -8.9928
2.6648 -4.3939 -9.0341
0.6932 -4.4531 -10.0039
-1.2456 -5.5931 -6.5359
-2.371 -5.7354 -7.0067
-1.0266 -5.0475 -5.3436
-0.1091 -5.1066 -4.9558
-2.108 -4.8897 -4.3703
-3.0271 -4.636 -4.9075
-1.8352 -3.7362 -3.4725
-1.211 -3.8514 -2.1095
-1.1909 -4.8808 -1.7823
-2.2643 -2.8462 -0.9207
0.5396 -3.1593 -2.1554
-2.0342 -3.0998 -1.0572
0.2351 -3.3609 -2.0706
-0.8374 -3.0556 -1.4709
-2.368 -6.2124 -3.6423
-3.0527 -6.2244 -2.6098
-2.1175 -7.3389 -4.318
-1.606 -7.2682 -5.1576
-2.9613 -8.5338 -4.159
-3.6401 -8.3479 -3.3564
-2.0981 -9.7533 -3.8388
-2.9097 -11.0438 -3.8408
-3.7415 -11.2455 -4.7301
-2.9107 -11.729 -2.7017
-2.3204 -11.4312 -1.9785
-3.4745 -12.5292 -2.6474
-2.8872 -11.9878 -2.3184
-3.7523 -8.7762 -5.4433
-4.9684 -8.5853 -5.4833
-3.0243 -8.9483 -6.5498
-2.0529 -9.0749 -6.4711
-3.6563 -9.4274 -7.7832
-3.9753 -10.4437 -7.6121
-2.6649 -9.4165 -8.9589
-3.1969 -9.6979 -9.8558
-1.2994 -10.6803 -8.6735
-1.5629 -10.4411 -8.7269
-2.0717 -8.0196 -9.1488
-0.5564 -7.9925 -10.2476
-0.8726 -7.9909 -10.072
-4.8721 -8.5778 -8.1385
-5.917 -9.1097 -8.5275
-4.803 -7.2767 -7.8571
-3.9582 -6.9107 -7.5074
-6.0168 -6.4809 -7.6416
-6.8617 -7.1285 -7.8267
-6.0674 -5.9962 -6.194
-7.274 -6.5292 -5.4441
-8.0196 -7.3448 -6.0282
-7.389 -6.2472 -4.2328
-6.0846 -5.303 -8.6107
-5.8495 -5.4796 -9.8156
-6.6975 -4.208 -8.1741
-6.9397 -4.1421 -7.2201
-7.2371 -3.2097 -9.0964
-6.4583 -2.5389 -9.3838
-7.6442 -3.7071 -9.9507
-7.0496 -3.123 -9.6698
-8.3534 -2.415 -8.4121
-9.4049 -2.1923 -9.0192
-8.2636 -2.3171 -7.0865
-7.4292 -2.5778 -6.6384
-9.4118 -2.0003 -6.2547
-9.7452 -1.0075 -6.5064
-10.5477 -2.9926 -6.5251
-11.8096 -2.3413 -7.0651
-12.7575 -3.3729 -7.6558
-13.2422 -2.9775 -8.9764
-12.7748 -2.2476 -9.4329
-14.2876 -3.5394 -9.5732
-14.919 -4.5523 -8.9958
-14.5988 -4.9041 -8.1164
-15.7211 -4.9577 -9.4352
-15.1558 -4.9353 -8.7794
-14.7247 -3.0659 -10.7332
-14.2479 -2.306 -11.174
-15.535 -3.4639 -11.1623
-14.8915 -2.8857 -11.1686
-9.0351 -2.0418 -4.7832
-9.8204 -2.5046 -3.9484
-7.7676 -1.7722 -4.4918
-7.1625 -1.4585 -5.201
-7.1663 -2.1403 -3.2084
-7.2975 -1.3057 -2.5378
-5.672 -2.4021 -3.4057
-4.6283 -1.471 -2.4982
-2.8527 -0.3503 -1.2252
-3.8154 -0.8279 -1.834
-4.7849 -1.5132 -2.5726
-4.6365 -1.7437 -1.2136
-5.2602 -2.4833 -0.7311
-3.795 -0.9335 -0.4541
-3.5911 -1.2381 0.5801
-2.7562 -0.2669 -1.1392
-2.1208 0.386 -0.5273
-3.1225 0.2222 -2.4078
-2.3941 0.8528 -2.9307
-4.0135 -0.5239 -3.1651
-4.0987 -0.3555 -4.2302
-7.8383 -3.3709 -2.6116
-7.2978 -4.4803 -2.6874
-8.8445 -3.1385 -1.7667
-9.2266 -2.2329 -1.7141
-9.6717 -4.2395 -1.2641
-9.6036 -5.0501 -1.9738
-11.1244 -3.7821 -1.1594
-11.9384 -4.2714 0.0301
-11.2758 -4.5244 0.8489
-12.9111 -5.8179 -0.4227
-13.1004 -2.9189 0.6394
-12.7264 -5.5221 -0.3343
-12.8823 -3.1791 0.5236
-13.0063 -4.3692 0.1093
-9.1694 -4.7226 0.0905
-8.8724 -3.9178 0.9748
-8.9788 -6.0379 0.2243
-9.2594 -6.6356 -0.5072
-8.3907 -6.6134 1.4067
-8.5392 -7.7203 1.3357
-6.5189 -6.3583 1.4051
-6.8724 -6.4314 1.3647
-8.9522 -6.3305 2.7821
-8.576 -7.1126 3.7276
-10.0766 -5.6335 2.9514
-10.2936 -5.0247 2.2057
-11.1508 -6.0792 3.8547
-11.9578 -5.3857 3.7932
-10.5521 -6.0709 5.2724
-9.755 -4.7943 5.5802
-9.6713 -4.7274 6.6425
-8.0312 -4.9016 4.847
-10.6705 -3.2967 4.9092
-8.3415 -4.8466 5.0344
-10.4857 -3.5618 5.0701
-9.3476 -4.0914 4.8892
-11.5975 -7.4853 3.4892
-10.8173 -8.2474 2.8969
-12.6786 -7.941 4.1224
-13.2559 -7.3065 4.5991
-6.0764 -7.9771 4.8722
-4.5152 -6.6101 5.2211
-3.517 -6.2838 5.2949
-5.2911 -6.3703 6.5212
-6.3523 -6.2766 6.2842
-4.7125 -4.781 7.3366
-5.1073 -7.4676 7.4186
-4.8916 -5.0708 7.2076
-5.239 -5.8762 4.0861
-6.4345 -6.1923 3.9008
-4.8616 -4.593 3.8965
-3.9548 -4.3401 4.2038
-5.441 -3.8426 2.7944
-6.2346 -4.4166 2.358
-4.3886 -3.5244 1.729
-3.6897 -4.7603 1.2206
-2.6601 -5.4119 1.843
-4.1915 -5.6614 0.2255
-5.1655 -5.5569 -0.7747
-3.3597 -6.8 0.2381
-2.4087 -6.6044 1.2054
-2.1759 -5.0693 2.7514
-5.8689 -4.7302 -0.7709
-5.4237 -6.6681 -1.5617
-3.5791 -7.8903 -0.6009
-1.5967 -7.15 1.3216
-6.2469 -6.6531 -2.2612
-4.7309 -7.8823 -1.3568
-2.9086 -8.7375 -0.6207
-4.8779 -8.6688 -2.0919
-6.0342 -2.5034 3.2803
-5.2167 -1.6074 3.5968
-7.2222 -2.1808 2.765
-7.7553 -2.8921 2.3259
-7.5666 -0.7889 2.4254
-6.7006 -0.1817 2.5965
-8.3815 -0.4747 3.0199
-7.5388 -0.3261 2.8157
-7.9477 -0.7014 0.9496
-7.2268 -1.2256 0.0945
-9.2371 -0.4208 0.6844
-9.7971 -0.0797 1.4245
-9.5735 0.0573 -0.6562
-8.9925 -0.5266 -1.3576
-9.159 1.5295 -0.7824
-7.7638 1.8631 -0.2334
-7.7188 1.5676 0.8031
-7.4346 3.7066 -0.3419
-6.4546 0.9005 -1.1783
-7.5114 3.3548 -0.3189
-6.7019 1.0841 -0.9979
-6.9435 2.3046 -0.7563
-11.0409 -0.1037 -0.9628
-11.9046 0.0663 -0.0939
-11.3658 -0.162 -2.2603
-10.6454 -0.2433 -2.929
-12.7166 -0.5432 -2.6794
-12.9072 -1.5354 -2.2969
-12.795 -0.571 -4.2074
-14.2137 -0.6513 -4.7437
-15.0472 -1.6589 -3.9659
-16.4712 -1.3211 -3.9955
-16.7221 -0.4756 -4.4251
-17.431 -2.1809 -3.6722
-17.1211 -3.3533 -3.1363
-16.1624 -3.6036 -3.0037
-17.8464 -3.9955 -2.8853
-17.0048 -3.798 -2.9405
-18.7049 -1.8464 -3.8343
-18.9426 -0.9495 -4.2064
-19.4268 -2.4854 -3.5711
-19.1848 -1.7191 -3.8913
-13.7595 0.4142 -2.1173
-14.9267 0.0502 -1.9521
-13.3553 1.6559 -1.8641
-12.414 1.8962 -2.0064
-14.3066 2.7306 -1.5986
-13.7633 3.6645 -1.6077
-15.375 2.7701 -2.6958
-16.5702 2.1419 -2.2662
-14.9699 2.5577 -0.2368
-16.0644 3.0714 -0.0019
-14.3183 1.8099 0.6512
-13.4031 1.5059 0.441
-14.7311 1.7681 2.0522
-14.9292 2.7841 2.3645
-13.6034 1.1979 2.9154
-12.3212 1.9674 2.8077
-12.0306 2.9558 1.9112
-11.1848 1.8603 3.6731
-10.8528 1.0196 4.7392
-10.2367 2.8047 3.2338
-10.7891 3.4819 2.179
-12.6879 3.2669 1.1138
-11.5591 0.2975 5.121
-9.6008 1.1341 5.3137
-8.9861 2.9369 3.8322
-10.3612 4.2109 1.6824
-9.2998 0.4424 6.0888
-8.6555 2.0422 4.8152
-8.2924 3.7115 3.5399
-7.6603 2.039 5.2352
-15.9971 0.9399 2.2344
-16.4032 0.6507 3.3621
-16.6681 0.6358 1.1277
-16.2875 0.857 0.2522
-17.9881 0.0168 1.1764
-18.7191 0.783 0.9485
-18.0929 -1.0874 0.1206
-16.5961 -1.8651 0.0855
-14.3214 -2.8021 0.0375