3.6982 -1.9299 -3.6524
4.6312 -1.7105 -3.4003
2.756 -0.8644 -3.5311
2.9584 -0.2746 -2.5822
2.8275 -0.2157 -4.3707
2.9526 -0.2393 -3.4802
1.2918 -1.1863 -3.4504
0.7708 -2.1949 -3.8864
0.8047 -0.3467 -2.4403
0.7489 0.5978 -2.7316
-0.6865 -0.6475 -2.1091
-0.3298 -1.645 -2.1596
-1.3535 -0.3134 -3.4491
-2.1194 0.3908 -3.3342
-1.9073 -1.9001 -4.2353
-1.9088 -1.5287 -4.192
-0.5673 0.5379 -4.5362
-0.5949 2.2895 -3.8996
-0.6857 2.0265 -4.188
-1.0677 -0.2091 -0.8081
-1.1432 0.9846 -0.883
-1.7782 -0.6824 0.3017
-1.2081 -1.5402 0.4114
-2.1851 -0.2787 1.5756
-2.1169 -1.3806 2.1484
-3.8124 -0.3949 1.6311
-4.3813 -0.3045 2.9901
-5.8309 -0.7474 3.0855
-6.7755 0.3075 2.5309
-6.4226 1.6738 3.0064
-6.3376 2.002 3.12
-1.7938 0.6008 2.7273
-2.0362 0.1977 3.9474
-1.0386 1.6725 2.8028
-1.0335 2.191 1.8934
-0.0608 2.2329 3.6625
-0.4215 2.0286 4.7123
-0.2682 3.8054 3.5435
0.4142 4.2926 2.2517
-0.058 5.7424 1.9772
0.3839 6.6494 2.6866
-1.3053 5.7972 1.4766
-1.5761 5.0161 0.9316
-1.6965 6.6872 1.3647
-1.6572 5.8447 1.1743
1.4493 2.1006 3.7154
2.064 1.652 4.7428
2.0538 1.9322 2.5481
2.084 2.8507 2.084
3.1673 1.0546 2.056
3.7124 1.6596 2.7453
3.5288 1.6078 0.6769
3.3608 1.3556 -0.9836
3.5542 1.4725 -3.4585
3.538 1.5031 -2.2201
3.4767 1.5094 -0.7908
2.3277 1.6225 -1.6007
1.3324 1.3621 -1.1771
2.4534 1.9438 -2.9556
1.5295 2.0741 -3.5278
3.6548 1.7583 -3.5679
4.734 1.2619 -2.8665
5.6763 1.0892 -3.3669
4.6784 1.3201 -1.4815
5.5132 0.8445 -0.931
3.7206 1.7954 -4.9561
3.6156 -0.3607 2.1779
4.9102 -0.6197 1.9907
2.9987 -1.4888 2.202
1.9415 -1.311 2.0118
3.0649 -2.8586 1.7052
3.8537 -3.0218 1.0987
2.8524 -3.809 2.8803
2.8121 -3.1084 4.1113
1.9462 -3.4762 0.7787
2.2884 -4.613 0.265
0.594 -3.292 0.8088
0.6964 -2.1418 1.094
0.0174 -3.1054 -0.4924
0.2694 -1.9257 -0.5866
0.6699 -3.7698 -1.6404
2.0777 -3.3883 -2.0069
2.6586 -4.298 -3.0901
3.8806 -4.4541 -3.1674
1.8487 -4.5539 -4.1144
0.8993 -4.3312 -4.0181
2.2281 -4.9819 -4.9099
1.56 -4.6763 -4.4547
-1.4927 -3.3225 -0.4912
-2.2631 -3.7836 0.4076
-2.1428 -2.59 -1.3871
-1.5839 -2.7137 -2.3253
-3.4082 -1.9852 -1.4762
-3.6545 -2.0146 -2.6263
-4.4756 -3.0924 -1.0079
-4.7369 -2.9665 0.4813
-5.0442 -4.3023 1.1349
-6.2014 -4.76 1.0237
-4.0975 -4.9501 1.629
-3.9579 -0.6698 -1.0657
-5.1698 -0.6207 -0.5702
-3.4436 0.5068 -1.3462
-2.5922 0.481 -1.7621
-3.6199 1.7494 -0.6494
-4.5037 1.7922 -0.2611
-2.8468 1.983 0.6968
-3.1338 2.9592 1.7185
-4.4451 3.7136 1.6099
-4.491 4.8864 2.0376
-5.4399 3.1127 1.1535
-2.9784 2.9839 -1.3582
-3.3731 4.1127 -0.6645
-1.5732 3.0891 -1.3468
-1.3424 2.3988 -2.0576
-0.6133 3.3889 -0.2968
-1.1673 3.4257 0.6461
0.1104 4.6609 -0.5733
1.2502 4.6219 -1.5802
1.4878 5.6234 -1.6336
2.5854 3.4316 -1.0064
0.5655 3.8697 -3.1443
2.6381 4.1589 -1.2442
0.7364 4.1776 -2.9376
1.7195 3.8705 -2.1402
0.4166 2.4253 0.2646
1.5234 2.8985 0.3979
0.2839 1.3081 0.7916
-0.7714 1.0987 0.8595
0.8307 0.125 1.1342
0.0737 -0.624 0.9377
1.7183 -0.417 0.1399
2.6358 -1.1379 -0.4735
4.1065 -1.2506 -0.3956
4.8154 -2.2349 -1.1862
4.6166 -3.6727 -0.8926
4.504 -3.9985 -0.7655
0.6642 -0.2362 2.7051
1.5835 -0.212 3.593
-0.0854 -1.3276 2.9052
-0.5179 -1.7586 2.086
-0.1361 -2.2586 4.0076
0.7743 -2.2002 4.5692
-1.342 -2.0919 4.8965
-2.6972 -2.2648 4.2253
-3.4263 -3.5062 4.7018
-3.3094 -3.8375 5.9006
-4.1706 -4.103 3.896
-0.1838 -3.7046 3.3929
0.213 -4.6305 4.0937
-1.2267 -3.8373 2.5775
-1.5674 -2.9965 2.0904