1.7494 -3.9654 -10.2566
-0.0404 -4.4978 -10.3995
4.0969 5.2795 -10.107
4.9945 5.4785 -11.3181
4.8841 7.143 -12.0007
5.8293 6.8652 -13.9124
5.6837 6.9129 -13.5873
2.6932 6.844 -8.7486
3.8082 7.1985 -8.3576
1.715 6.5138 -7.9011
0.8416 6.2393 -8.2639
2.0202 6.1308 -6.5259
2.703 6.8651 -6.1216
0.4559 6.1514 -5.4824
0.7552 6.1458 -5.6806
2.6801 4.757 -6.4669
2.4431 3.9 -7.3202
3.6064 4.5834 -5.5231
3.878 5.3451 -4.9715
4.0596 3.246 -5.1591
4.1554 2.6812 -6.092
5.419 3.2841 -4.4772
5.6837 4.3846 -3.4669
6.1271 5.2408 -3.971
6.9163 3.8099 -2.1602
4.0937 4.9637 -2.6509
6.6842 3.9199 -2.4119
4.3951 4.8449 -2.8039
5.5036 4.3807 -2.4078
3.0364 2.5307 -4.2877
3.1952 1.3494 -3.9598
1.938 3.2215 -3.9275
1.9251 4.1803 -4.0755
0.6862 2.504 -3.6695
1.0018 1.6347 -3.0528
-0.379 3.2516 -2.9006
-0.8051 2.5483 -2.1579
0.2758 4.6617 -1.8586
-1.8099 3.8103 -3.9717
0.2208 4.4481 -2.16
-1.5322 3.7202 -3.7761
-0.7239 4.2574 -2.9695
0.152 1.9108 -4.982
-0.8533 1.1676 -4.9231
0.3075 2.7132 -6.0558
0.9849 3.4206 -6.0171
-0.1129 2.2454 -7.3751
-1.1722 2.053 -7.3354
0.1613 3.3114 -8.4341
-0.7129 4.5499 -8.2905
-0.7514 5.3685 -9.5724
-1.7658 6.0573 -9.7993
0.2767 5.3965 -10.2802
0.6131 0.9465 -7.7373
0.0446 0.093 -8.4268
1.7159 0.6727 -7.0431
2.0806 1.3557 -6.4333
2.1197 -0.7222 -6.7695
2.0988 -1.2462 -7.711
3.5411 -0.7792 -6.1962
3.6496 0.0145 -5.473
3.8367 -2.4142 -5.3155
3.7954 -2.1048 -5.4947
4.5707 -0.5713 -7.3146
4.4948 1.1364 -8.0812
4.5114 0.8051 -7.9378
1.1355 -1.3665 -5.8056
0.5068 -2.3748 -6.1376
0.8057 -0.6558 -4.7184
1.362 0.1278 -4.4905
0.0525 -1.2797 -3.6306
0.6904 -2.0325 -3.186
-0.3875 -0.0125 -2.3099
-0.2614 -0.2555 -2.5544
-1.2154 -1.951 -4.1452
-1.5193 -3.088 -3.7572
-1.7206 -1.4602 -5.2804
-1.329 -0.6473 -5.6753
-3.0049 -1.9163 -5.799
-3.7776 -1.5554 -5.1349
-3.2426 -1.3279 -7.1943
-4.6692 -0.9363 -7.4427
-5.3427 -1.2575 -8.6034
-5.4748 -0.0803 -6.7692
-4.9877 -1.7992 -9.3395
-6.5118 -0.6414 -8.6175
-6.6305 0.0511 -7.4991
-5.2568 0.3971 -5.8239
-7.2449 -0.693 -9.4089
-3.081 -3.4379 -5.8648
-4.1735 -4.0132 -5.8427
-1.9428 -4.0731 -6.1197
-1.1213 -3.5595 -6.2784
-1.8914 -5.5125 -6.3381
-2.7061 -5.7863 -6.9849
-0.5682 -5.8886 -7.0239
-0.5328 -5.5012 -8.4954
-1.8327 -5.824 -9.2087
-2.2567 -5.0145 -10.0606
-2.3485 -6.9461 -9.0181
-2.0225 -6.2748 -5.0206
-2.6259 -7.3531 -4.9842
-1.2517 -5.8636 -4.0147
-0.7628 -5.012 -4.1058
-0.8961 -6.7352 -2.9002
-0.3445 -7.5724 -3.2896
-0.0611 -5.9883 -1.8709
1.2967 -5.4438 -2.2471
2.0554 -5.8969 -1.6016
1.7384 -5.8555 -4.0243
1.3737 -3.578 -1.9643
1.6867 -5.7712 -3.6796
1.3676 -3.9364 -2.0119
1.5607 -4.7177 -2.991
-2.1692 -7.279 -2.2095
-2.1173 -8.3824 -1.6555
-2.9998 -6.3172 -1.7975
-3.0703 -5.5029 -2.3481
-4.0184 -6.5595 -0.7832
-3.5989 -7.2429 -0.0563
-4.4165 -5.2653 -0.0759
-4.0776 -3.9172 -1.0
-3.4715 -2.0322 -2.4639
-3.7468 -3.002 -1.7558
-4.1465 -4.0141 -0.8786
-4.8264 -3.7974 -2.0692
-5.6847 -4.41 -2.3066
-4.3905 -2.8324 -2.9667
-4.9588 -2.6469 -3.868
-3.4721 -1.8816 -2.5207
-3.1467 -1.1099 -3.2137
-2.6655 -2.2005 -1.4401
-1.7045 -1.7074 -1.3031
-3.0262 -3.2424 -0.6053
-2.4024 -3.4907 0.2433
-5.2494 -7.2133 -1.4082
-5.906 -8.0412 -0.7689
-5.6794 -6.6957 -2.5561
-5.1487 -5.9907 -2.993
-7.023 -6.9509 -3.0603
-7.7241 -6.6402 -2.2902
-7.2888 -6.1071 -4.3137
-8.6826 -5.4994 -4.3442
-9.7036 -6.4149 -4.9942
-10.7948 -6.5894 -4.4047
-9.3341 -7.1211 -5.957
-7.2629 -8.4226 -3.3642
-8.4143 -8.8178 -3.6147
-6.3115 -9.2736 -2.9687
-5.4076 -8.9094 -2.7993
-6.4174 -10.7035 -3.2338
-5.4982 -11.1676 -2.8947
-6.5703 -10.9613 -4.733
-7.9915 -10.8118 -5.2428
-8.6845 -12.1413 -5.4665
-9.8893 -12.1293 -5.8012
-7.9971 -13.1835 -5.4325
-7.5824 -11.331 -2.4721
-8.2346 -12.2511 -2.9789
-7.695 -11.0138 -1.1832
-7.1045 -10.3193 -0.8094
-8.3981 -11.8795 -0.2331
-8.501 -12.8492 -0.6832
-7.5909 -11.9999 1.059
-7.656 -13.3549 1.6926
-8.6396 -14.2764 1.4014
-6.911 -13.9041 2.682
-9.3487 -14.1641 0.7349
-8.4803 -15.3442 2.1628
-7.4418 -15.1413 2.9531
-6.0578 -13.4531 3.1692
-9.1017 -16.2272 2.1515
-9.7897 -11.325 0.0765
-10.6462 -12.0692 0.5715
-9.8968 -9.9992 0.1097
-9.1355 -9.4438 -0.1704
-11.0405 -9.3283 0.7195
-11.1068 -8.3363 0.2937
-12.3331 -10.0859 0.4072
-12.9681 -9.6731 -0.9121
-14.0146 -10.6792 -1.3617
-15.0847 -10.8846 -0.3006
-15.3005 -12.3278 -0.0016
-15.3338 -12.6727 0.0879
-10.8596 -9.1973 2.23
-11.8356 -9.2473 2.9836
-9.6454 -8.8598 2.6564
-8.9343 -8.6823 1.9923
-9.4421 -8.2634 3.9857
-10.27 -7.611 4.1723
-9.4012 -9.3635 5.045
-10.4579 -10.4381 4.8571
-11.1709 -10.7547 6.1612
-12.3273 -11.7184 5.9449
-13.0531 -12.0106 7.2117
-13.2227 -12.087 7.517
-8.129 -7.4787 3.9938
-7.1542 -7.9066 3.3579
-8.1341 -6.2374 4.4968
-8.8975 -5.9455 5.0381
-7.1289 -5.244 4.1271
-7.0694 -5.1129 3.0615
-7.6303 -3.9618 4.7858
-6.7887 -3.3748 5.1265
-8.2078 -3.3935 4.0721
-7.4991 -3.3842 4.5992
-8.4727 -4.4205 5.9255
-7.8552 -4.5855 6.7953
-9.2341 -3.6846 6.1385
-8.545 -4.1347 6.4668
-9.2109 -6.3863 6.3164
-10.0635 -5.5221 5.0207
-9.6379 -5.9541 5.6689
-5.7555 -5.6229 4.6706
-5.6384 -6.5157 5.5126
-4.7345 -4.8686 4.2741
-4.8415 -3.7358 3.3361
-3.4292 -4.8944 4.9564
-3.4791 -5.6737 5.6973
-2.285 -5.2313 3.9789
-1.9323 -4.3077 3.5374
-0.8454 -6.0182 4.9034
-2.889 -6.3523 2.5998
-1.1195 -5.8658 4.7257
-2.7661 -6.1384 2.8595
-1.8697 -6.188 3.7544
-3.1285 -3.5415 5.6045
-3.1287 -2.5177 4.8978
-2.4782 -3.5641 6.7789
-2.6182 -4.3277 7.3778
-1.7345 -2.4162 7.2863
-2.3278 -1.5253 7.304
-1.3482 -2.8309 8.7021
-0.3688 -2.4427 8.9437
-2.0776 -2.4423 9.3972
-1.2238 -2.4429 9.1706
-1.3556 -4.3205 8.682
-0.3951 -4.6879 8.3542
-1.5878 -4.6995 9.6665
-0.9914 -4.6938 9.0106
-2.147 -5.6184 7.1812
-3.371 -4.8516 8.2138
-2.7593 -5.2356 7.6979
-0.4762 -2.1701 6.4442
0.1199 -3.1351 5.9492
-0.3215 -0.9324 5.9904
-1.0597 0.2422 6.4922
0.5564 -0.594 4.8628
0.0608 -0.9211 3.9577
0.7527 0.9179 4.8024
2.0975 1.4385 3.9475
4.0778 2.51 2.9507
3.0867 1.9679 3.4426
1.9624 1.3617 4.0102
3.2346 1.1277 4.5267
3.3552 0.385 5.3058
4.3524 1.6071 3.8624
5.3386 1.3976 4.2586
4.2016 2.5573 2.8705
5.0689 2.9223 2.3375
2.9352 2.9443 2.4754
2.8151 3.7168 1.7296
1.8236 2.3443 3.0388
0.8356 2.7064 2.7826
1.9062 -1.3013 4.9639
2.6396 -1.3499 3.9652
2.3687 -1.5086 6.1939
1.8026 -1.3019 6.9685
3.7569 -1.8888 6.442
4.3873 -1.2179 5.877
4.087 -1.7454 7.9288
5.1093 -0.6559 8.2207
6.4899 -1.2217 8.502
6.7283 -1.7955 9.565
7.358 -1.1837 7.4979
7.0806 -0.7533 6.6618
8.2376 -1.5929 7.632
7.6611 -1.1683 7.1487
4.0231 -3.3183 5.9793
5.0805 -3.6098 5.4163
3.0015 -4.165 6.0699
2.1635 -3.8743 6.4891
3.0097 -5.4557 5.3828
4.0021 -5.8705 5.4761
2.0103 -6.4082 6.043
2.2302 -6.5825 7.5369
2.5608 -8.0109 7.9195
2.3157 -8.386 9.0863
3.0369 -8.7659 7.0458
2.6786 -5.284 3.904
3.192 -6.0091 3.051
1.8631 -4.279 3.5936
1.497 -3.7122 4.3081
1.7069 -3.817 2.2156
1.2447 -4.6092 1.6504
0.7994 -2.584 2.1818
1.0985 -1.5522 1.0948
1.7486 -1.993 0.3521
-0.4948 -1.0288 0.2403
1.9756 -0.0578 1.8265
-0.1848 -1.1284 0.3943
1.8072 -0.3428 1.6876
0.7446 -0.5431 1.027
3.0597 -3.4751 1.5987
3.2416 -3.5639 0.3846
3.9586 -2.9466 2.4216
3.7796 -2.9161 3.3872
5.2325 -2.4208 1.9517
5.0367 -1.6432 1.2322
6.0172 -1.8343 3.1266
7.0769 -0.7853 2.8104
8.0223 -1.2807 2.6188
6.6108 0.1938 1.2763
7.313 0.3714 4.2804
6.7108 0.0115 1.5691
7.2882 0.1417 4.0006
6.9712 0.2808 2.7782
6.0632 -3.5151 1.2745
6.6685 -3.2689 0.2274
6.3262 -4.5909 2.0125
5.8547 -4.7151 2.8652
7.431 -5.4946 1.7025
8.3314 -4.9007 1.6332
7.6013 -6.5237 2.8237
8.4825 -6.0149 3.9483
9.6794 -6.3003 3.9921
7.8761 -5.3242 4.9074
6.9148 -5.1538 4.8186
8.4341 -4.9131 5.6015
7.6648 -5.0869 5.2439
7.2071 -6.2083 0.3751
8.168 -6.5342 -0.3317
5.9829 -6.6927 0.1604
5.2566 -6.4499 0.7778
5.6033 -7.1928 -1.163
6.2228 -8.0428 -1.3848
4.1352 -7.6196 -1.1612
3.9355 -9.1189 -1.0112
4.491 -9.8986 -2.1887
5.3186 -10.806 -1.9582
4.2325 -9.4877 -3.3408
5.8344 -6.1196 -2.2282
5.7138 -6.4102 -3.4281
5.713 -4.8592 -1.8074
5.665 -4.6662 -0.8475
6.0799 -3.7554 -2.7021
5.764 -4.0321 -3.7009
5.3819 -2.4585 -2.2889
5.5589 -2.2973 -1.2319
6.0876 -0.9868 -3.2212
5.9457 -1.2665 -3.0463
3.8657 -2.5556 -2.5091
2.8904 -1.4797 -1.3252
3.0772 -1.6631 -1.5729
7.5876 -3.5458 -2.7058
8.1117 -2.7934 -3.5391
8.2526 -3.8776 -1.5707
7.8132 -4.6627 -1.0716
9.7107 -4.1533 -1.721
10.1616 -3.2806 -2.1304
10.4555 -4.4979 -0.0354
10.3017 -4.4429 -0.3572
9.9267 -5.3214 -2.67
10.9043 -5.3069 -3.4301
8.8586 -6.0714 -3.0064
8.0104 -5.8915 -2.4993
9.0495 -7.4379 -3.4711
9.4097 -8.0085 -2.6277
7.6917 -8.0448 -3.887
7.8257 -9.4437 -4.0885
10.0227 -7.5365 -4.625
10.5712 -8.6149 -4.9024
10.1161 -6.4818 -5.4377
9.6512 -5.6507 -5.1901
10.6759 -6.5775 -6.7828
10.8526 -5.5798 -7.1479
9.6736 -7.287 -7.6899
8.3849 -6.5296 -8.0067
7.7139 -7.1824 -8.5484
8.7476 -5.0391 -9.095
7.5257 -5.9969 -6.4204
8.6761 -5.3241 -8.8873
7.6897 -6.0986 -6.7232
8.1364 -5.5178 -7.7573
12.0127 -7.3343 -6.7773
12.1384 -8.3433 -7.49
12.7169 -7.205 -5.6403
12.5973 -6.3829 -5.1126
13.6872 -8.1914 -5.186
13.4526 -9.1256 -5.6815
13.6053 -8.4254 -3.68
12.5911 -7.6218 -2.8867
12.0404 -6.9945 -3.5676
11.3272 -8.7304 -2.0558
13.4475 -6.5156 -1.6279
11.6174 -8.5608 -2.1778
13.2869 -6.7282 -1.8729
12.4025 -7.6358 -1.8287
15.1078 -7.7675 -5.5792
15.4081 -7.6909 -6.7805
15.8298 -7.1625 -4.6421
15.5204 -7.1882 -3.7069
16.8899 -6.217 -4.9834
17.8379 -6.6674 -4.7562
16.8316 -5.9775 -6.0213
17.3352 -6.325 -5.3893
16.7512 -4.9335 -4.1659
17.6408 -4.0841 -4.1887
15.7609 -4.9194 -3.2689
15.0391 -5.5868 -3.352
15.5144 -3.7543 -2.446
16.2903 -3.0275 -2.6475
14.1544 -3.1028 -2.763
14.1466 -2.105 -2.3418
13.9133 -2.9498 -4.623
12.7516 -4.0901 -1.9887
13.9596 -2.9817 -4.2671
13.0123 -3.879 -2.1282
13.3313 -3.5154 -3.3028
15.5551 -4.1081 -0.9658
15.562 -3.2166 -0.1114
15.4323 -5.3907 -0.6319
15.4373 -6.0619 -1.3597
14.7213 -5.7898 0.6056
13.6989 -6.0047 0.3018
15.3299 -7.0907 1.1408
16.7802 -7.3165 0.7691
17.6744 -6.1973 1.2729
18.9279 -6.057 0.4228
20.1116 -5.6709 1.2428
20.4057 -5.6249 1.4421
14.6885 -4.7366 1.6799
15.4827 -4.8023 2.6575
13.5134 -4.1056 1.9331
12.7922 -4.2496 1.228
13.4335 -2.8624 2.6448
13.2162 -2.0722 1.8973
12.2503 -2.8615 3.6289
11.8066 -1.4544 4.0073
10.3236 -1.2537 3.7486
9.4895 -2.3994 4.2804
10.0535 -2.9825 5.5339
10.2408 -3.1924 5.7613
14.6954 -2.4476 3.3778
14.7694 -2.5965 4.6114
15.8031 -2.3654 2.6302
15.692 -2.2415 1.6538
17.0058 -1.7517 3.2146
16.9471 -1.8591 4.2774
18.2577 -2.4211 2.6745
18.9732 -3.3205 3.6676
20.3731 -3.6919 3.2027
21.1822 -4.0943 4.0699
20.7463 -3.2575 2.086
17.0014 -0.2544 2.8536
17.695 0.5264 3.5207
16.667 0.003 1.5848
15.9904 -0.5648 1.1604
17.218 1.1514 0.8583
17.959 1.5921 1.5204
17.8652 0.7203 -0.4376
18.319 -0.7291 -0.4757
19.7123 -0.9128 0.1054
19.8491 -0.7244 1.3399
20.6822 -0.8769 -0.6861
16.1371 2.1988 0.6087
16.3665 3.1786 -0.1084
14.9723 2.0171 1.2136
14.8278 1.2015 1.7461
14.0953 3.1626 1.4921
14.5711 4.0392 1.0897
12.7352 2.954 0.8441
12.443 1.5798 0.2481
13.0949 1.4137 -0.601
12.773 0.2255 1.51
10.6646 1.4951 -0.3594
12.7109 0.4701 1.2535
11.0045 1.5101 -0.2481
11.7199 0.8582 0.571
13.9492 3.3339 3.0133
14.2783 4.4071 3.5537
12.9694 2.5792 3.5438
12.9506 1.628 3.2115
12.2604 2.9391 4.7478
12.9435 3.0561 5.5652
11.5633 2.1429 4.9879
12.2557 2.6004 5.2725
11.4337 4.2267 4.6241
10.6727 4.533 5.5654
11.9354 5.1392 3.7973
12.3374 4.8083 2.9604
11.5489 6.5375 3.8704
11.0433 6.6856 4.8174
12.7877 7.4322 3.8279
13.9671 6.8162 4.5641
15.0681 6.7736 3.9731
13.7221 6.1365 5.5857
10.6019 6.8767 2.7445
9.7066 7.716 2.8962
10.8629 6.3326 1.5481
11.4877 5.5582 1.5241
9.8022 6.2894 0.5203
9.5156 7.3087 0.3219
10.3501 5.6589 -0.7592
9.5824 6.0552 -2.0124
10.4417 6.9219 -2.9262
11.2711 7.8499 -2.155
10.8504 8.2913 -1.3857
12.5906 7.9357 -2.293
13.1983 7.2964 -3.283
12.6786 6.6741 -3.8679
14.176 7.4364 -3.4435
13.4261 7.061 -3.6605
13.2902 8.7358 -1.4982
12.8388 9.2055 -0.7401
14.2633 8.8866 -1.6718
13.5521 9.0444 -1.2047
8.5923 5.5071 1.0113
7.6342 5.2884 0.2547
8.7282 4.8694 2.1709
9.5829 4.9093 2.6549
7.6037 4.2044 2.8139
7.2312 3.4405 2.1581
8.0459 3.5471 4.1387
8.5127 4.3383 4.731
6.5241 2.9723 5.0942
6.8179 3.0829 4.9188
9.035 2.4259 3.9592
9.5995 2.1329 2.2058
9.5368 2.1229 2.5721
6.484 5.2022 3.116
5.3141 4.9202 2.8539
6.8234 6.1936 3.9459
7.7681 6.4389 4.0338
5.8129 7.1204 4.4534
4.9202 6.5387 4.6471
6.3645 7.9159 6.0541
6.2694 7.7508 5.7515
5.4831 8.1875 3.4155
4.4369 8.8382 3.4834
6.45 8.4993 2.541
7.2817 7.9738 2.5527
6.0639 9.092 1.248
5.554 10.0068 1.4732
7.298 9.3658 0.4036
7.1368 10.5136 -0.5824
6.9296 11.8477 0.1079
7.8355 12.37 0.7582
5.7176 12.3817 0.012
5.0462 11.911 -0.5259
5.5441 13.2233 0.4811
5.2969 12.5702 -0.0275
5.1053 8.1489 0.5163
4.003 8.5699 0.1387
5.2881 6.8494 0.8068
6.229 6.557 0.9818
4.4306 5.8303 0.1741
4.3378 6.1155 -0.8626
5.0748 4.4699 0.296
4.1484 3.1491 -0.1142
2.7496 1.1959 -0.6533
3.466 2.1708 -0.4203
4.2372 3.287 -0.0729
3.015 3.4418 -0.7055
2.7685 4.4092 -1.1483
2.2328 2.3439 -1.0192
1.2195 2.495 -1.3716
2.6601 1.0744 -0.6805
1.979 0.235 -0.7599
3.9045 0.8985 -0.1061
4.2611 -0.097 0.1132
4.7293 1.9912 0.0983
5.7035 1.8517 0.5442
3.0339 5.8508 0.8001
2.0535 5.9478 0.0218
2.9633 6.3443 2.041
3.7835 6.4247 2.5698
1.6995 6.7602 2.6328
0.9599 6.0012 2.3909
1.7917 6.9148 4.1361
2.055 5.4482 4.9482
2.2297 3.5287 6.4806
2.1204 4.5124 5.7502
2.016 5.6131 4.8852
3.0792 5.5019 5.7765
3.7155 6.3704 5.961
3.2375 4.368 6.5516
4.0965 4.2739 7.2006
2.246 3.4069 6.5649
1.0912 3.5891 5.8305
0.2649 2.8998 5.934
1.0059 4.6573 4.9553
0.1068 4.7978 4.3707
2.4046 2.2696 7.3235
1.2219 8.0835 2.0045
0.0296 8.4144 2.1923
2.1712 9.0199 1.8855
3.1148 8.7605 1.9406
1.842 10.3753 1.464
1.2415 10.8281 2.2452
3.0994 11.233 1.2586
3.7042 10.7868 0.4813
2.6369 12.9774 0.729
3.8657 11.2806 2.4697
2.734 12.6487 0.8365
1.0218 10.3734 0.1711
0.1571 11.2359 -0.0135
1.1121 9.2835 -0.5905
1.7556 8.5807 -0.3387
0.0693 8.929 -1.5524
-0.2321 9.8338 -2.0577
0.6163 7.9401 -2.5832
1.8243 8.4795 -3.3243
2.2881 7.8012 -4.2679
2.4022 9.4862 -2.8629
-1.1414 8.328 -0.8463
-2.2849 8.6564 -1.1643
-0.8909 7.4386 0.1137
0.0425 7.2214 0.3359
-1.9429 6.6106 0.6799
-2.482 6.1601 -0.1594
-1.3169 5.4364 1.4747
-1.0075 4.218 0.5933
-1.324 4.4713 -0.4066
-1.9682 2.6976 1.127
0.816 3.8548 0.4506
-1.783 3.0103 1.0765
0.4935 3.9391 0.6291
-0.5656 3.2944 0.8696
-2.9228 7.3814 1.5308
-4.1265 7.0125 1.5524
-2.5816 8.6182 1.8962
-1.7682 9.0223 1.5119
-3.4947 9.4872 2.6252
-4.2786 8.8709 3.0433
-2.7616 10.1961 3.7671
-3.6441 10.3942 4.9857
-4.4317 11.3382 5.0481
-3.5853 9.4464 5.9149
-2.8949 8.7557 5.8259
-4.1823 9.5205 6.6885
-3.5491 9.1292 6.2501
-4.1285 10.5197 1.6974
-5.3484 10.5607 1.5446
-3.2794 11.2738 1.0008
-2.3299 11.2871 1.2483
-3.7663 12.3226 0.1063
-4.1666 13.1172 0.7129
-2.6381 12.8904 -0.7715
-3.0439 13.7046 -1.3553
-1.2531 13.5781 0.3002
-1.522 13.4475 0.0996
-2.105 11.8155 -1.7177
-0.4862 12.2705 -2.5402
-0.7986 12.1828 -2.3839
-4.8763 11.7829 -0.7975
-5.8925 12.4486 -1.0032
-4.7644 10.5101 -1.1696
-3.959 10.0027 -0.9255
-5.9151 9.7541 -1.6662
-6.8067 10.2958 -1.3885
-5.9503 8.3692 -1.0186
-7.3641 7.8961 -0.7365
-8.0076 8.4716 0.1673
-7.8778 7.0742 -1.5243
-5.8697 9.6222 -3.185
-5.3869 10.5177 -3.8821
-6.4666 8.5563 -3.7072
-6.8751 7.8884 -3.1108
-6.7925 8.5034 -5.1321
-5.9379 8.1595 -5.674
-7.0751 9.4822 -5.4596
-6.5057 8.8204 -5.567
-7.9588 7.5434 -5.3738
-9.0308 7.9635 -5.8117
-7.8428 6.3335 -4.8263
-6.9436 6.0207 -4.5681
-8.986 5.5082 -4.498
-9.2553 4.9279 -5.3649
-10.184 6.3777 -4.0937
-11.445 6.0812 -4.8888
-12.5291 7.111 -4.6081
-12.9532 7.8037 -5.8214
-12.4563 7.6213 -6.6465
-13.9353 8.6981 -5.8523
-14.5895 9.0075 -4.7415
-14.3322 8.5801 -3.8751
-15.3455 9.6621 -4.772
-14.8357 9.125 -4.3229
-14.2919 9.2536 -7.0035
-13.8006 9.0232 -7.8429
-15.061 9.8913 -7.0338
-14.4307 9.4582 -7.438
-8.6532 4.557 -3.3546
-9.4877 4.3524 -2.4618
-7.3659 4.2583 -3.2002
-6.7381 4.4491 -3.9282
-6.8385 3.7132 -1.9512
-6.9744 2.6446 -1.9688
-5.3454 4.0211 -1.8251
-4.3946 2.6634 -1.5902
-2.6193 1.0248 -1.1117
-3.5568 1.7886 -1.3688
-4.4982 2.7921 -1.6154
-4.3927 2.2142 -0.3594
-4.988 2.6062 0.4548
-3.5562 1.1239 -0.1569
-3.4615 0.7102 0.8405
-2.5618 0.8668 -1.1002
-1.8863 0.0366 -0.9239
-2.7715 1.3073 -2.3977
-2.1493 0.9466 -3.2025
-3.7391 2.2658 -2.6508
-3.7848 2.7354 -3.6264
-7.5866 4.2892 -0.7482
-7.1571 5.2999 -0.18
-8.5652 3.5389 -0.2542
-8.6626 2.604 -0.5666
-9.1619 3.8364 1.0559
-8.9116 4.8574 1.299
-10.6654 3.6597 1.0001
-11.3666 2.9328 2.1384
-10.6406 2.5408 2.8411
-12.4893 4.1132 3.0841
-12.3632 1.4759 1.4749
-12.2773 3.8856 2.9042
-12.1689 1.7478 1.6113
-12.4263 2.7936 2.28
-8.5535 2.9211 2.1217
-8.7745 1.6965 2.0401
-8.2546 3.5073 3.2794
-8.4813 4.4578 3.4275
-7.8455 2.7264 4.4409
-7.6122 1.7262 4.1096
-6.3049 3.4341 5.2374
-6.6163 3.354 5.0739
-8.9828 2.6417 5.4667
-8.958 3.3742 6.4609
-9.7882 1.5916 5.3678
-9.6046 0.9121 4.662
-10.5868 1.1143 6.5008
-11.5009 0.7026 6.0847
-9.8331 -0.0001 7.2219
-9.3034 -1.158 6.3931
-9.4687 -2.0807 6.9402
-7.4428 -1.0347 6.1313
-10.2023 -1.271 4.7467
-7.8048 -1.0077 6.1633
-10.0271 -1.3018 5.062
-8.8262 -1.1339 5.4347
-10.9497 2.2279 7.4666
-10.1784 2.5646 8.3692
-12.1135 2.8393 7.2558
-12.7089 2.5216 6.5451
-7.1515 0.3841 8.3076
-5.1087 -0.0434 8.0179
-4.0349 -0.0581 8.1241
-5.6073 -1.5036 7.9439
-5.725 -1.7601 6.8953
-4.3672 -2.6833 8.6984
-6.8709 -1.6239 8.5998
-4.6014 -2.4493 8.5673
-5.434 0.606 6.6515
-6.5146 1.2267 6.5663
-5.0084 -0.1223 5.5966
-4.2244 -0.7087 5.7291
-5.267 0.3538 4.2429
-5.6936 1.3448 4.3205
-3.9606 0.4414 3.4474
-3.2176 1.7407 3.7554
-2.1818 1.8558 4.6411
-3.7953 3.0501 3.6481
-4.8081 3.5911 2.8485
-2.9756 3.9281 4.3856
-2.0116 3.1725 4.9994
-1.6053 1.0226 5.0168
-5.5178 2.9405 2.3455
-5.0855 4.9434 2.9586
-3.2269 5.2965 4.4576
-1.3459 3.5075 5.6385
-5.9133 5.3688 2.41
-4.3515 5.7689 3.8301
-2.5542 5.9724 4.9687
-4.5091 6.8408 3.7598
-6.2589 -0.5458 3.5114
-6.1273 -1.777 3.5534
-7.0082 0.0544 2.5906
-6.8986 1.0167 2.4111
-7.8714 -0.7197 1.705
-7.4818 -1.6996 1.5819
-8.8552 -0.7488 2.1348
-8.1712 -1.23 1.8628
-7.9855 -0.0375 0.3397
-7.1278 0.7764 -0.0156
-9.1883 -0.1033 -0.2354
-9.9497 -0.4926 0.245
-9.3794 0.374 -1.5878
-8.7941 1.2813 -1.7061
-8.8722 -0.6587 -2.5984
-7.5023 -1.2729 -2.2951
-7.5211 -1.703 -1.3041
-7.1053 -2.6486 -3.511
-6.1635 0.0471 -2.3364
-7.206 -2.3771 -3.2938
-6.4219 -0.2024 -2.3283
-6.6407 -1.2987 -2.9275
-10.8319 0.7025 -1.8676
-11.743 -0.03 -1.474
-11.0502 1.6984 -2.7305
-10.2879 2.1644 -3.1361
-12.3775 2.3103 -2.8337
-12.7333 2.4706 -1.8241
-12.2846 3.6565 -3.5475
-13.6206 4.3491 -3.7404
-14.5092 4.2126 -2.5144
-15.8336 3.676 -2.8726
-15.8973 3.2405 -3.7552
-16.9569 4.1247 -2.3165
-16.9046 4.8298 -1.1945
-16.0202 5.12 -0.8289
-17.7501 5.0924 -0.7288
-16.8849 5.0981 -0.7736
-18.1334 3.7665 -2.8151
-18.176 3.2149 -3.6477
-18.9761 4.0292 -2.3462
-18.5763 3.6238 -2.9977
-13.3526 1.3869 -3.5564
-14.5583 1.6837 -3.6023
-12.9459 0.1273 -3.7282
-12.0045 -0.1014 -3.5557
-13.7773 -0.8586 -4.4025
-13.1178 -1.536 -4.9362
-14.7113 -0.1894 -5.411
-16.0375 -0.1217 -4.9177
-14.5922 -1.6792 -3.4006
-15.6345 -2.2386 -3.7562
-14.0101 -1.9473 -2.2334
-13.1528 -1.508 -2.0179
-14.401 -3.0985 -1.4207
-14.3361 -3.9764 -2.0511
-13.425 -3.2659 -0.2505
-12.024 -3.5739 -0.6996
-11.5322 -3.4584 -1.9692
-11.0113 -4.2368 0.0653
-10.907 -4.63 1.4023
-9.9325 -4.4937 -0.8039
-10.2804 -4.0218 -2.042
-12.068 -3.0063 -2.7897
-11.7212 -4.4755 2.0949
-9.7316 -5.2148 1.8346
-8.7642 -5.1187 -0.3751
-9.7294 -4.0824 -2.8509
-9.6421 -5.5492 2.8581
-8.6589 -5.4212 0.9563
-7.9589 -5.3537 -1.0554
-7.7357 -5.8186 1.3511
-15.8232 -2.9657 -0.9004
-16.3251 -3.8509 -0.2015
-16.5139 -1.9033 -1.3138
-16.0483 -1.1979 -1.817
-17.7994 -1.5578 -0.7089
-18.3205 -2.4795 -0.4962
-17.5759 -0.8015 0.603
-16.4111 0.4104 0.4668
-14.7401 2.1866 0.1438
-15.5809 1.3002 0.2873
-16.5259 0.284 0.5005
-16.8645 1.6216 0.667
-17.8712 1.8746 0.9671
-15.944 2.6259 0.4335
-16.2126 3.6573 0.6173
-14.6478 2.2962 0.0956
-14.3074 0.9797 -0.1493
-13.2553 0.7163 -0.272
-15.2051 -0.0218 0.1925
-14.9396 -1.055 0.005
-13.7299 3.2932 -0.1467
-18.6445 -0.7173 -1.6579
-19.8551 -0.9131 -1.7677